Longitud,Latitud
-73.5855,-42.2686
-73.5855,-42.2686
-72.4983,-42.2087
-73.5889,-40.5083
-73.40469999999999,-40.375
-72.4482,-41.8099
-72.93599999999999,-41.5693
-72.93169999999999,-41.5676
-72.9275,-41.563599999999994
-72.9365,-41.5657
-72.778264,-41.295016
-72.762965,-41.268274999999996
-72.752511,-41.266
-72.7516,-41.2679
-72.12299999999999,-43.1966
-72.6086,-41.298199999999994
-72.829,-40.9379
-73.51769999999999,-40.345299999999995
-73.51769999999999,-40.345299999999995
-73.54469999999999,-40.404799999999994
-73.54469999999999,-40.404799999999994
-73.7255,-41.836299999999994
-72.7766,-41.1213
-72.2016,-40.9432
-72.7522,-41.2692
-72.6129,-41.2923
-72.7988,-41.307599999999994
-72.8444,-41.322599999999994
-72.76299999999999,-41.281099999999995
-72.7521,-41.267799999999994
-72.94,-41.553
-72.9294,-41.5633
-72.9359,-41.5655
-72.9361,-41.565799999999996
-72.93299999999999,-41.567699999999995
-72.8475,-41.327
-73.3039,-41.9428
-73.5358,-40.391999999999996
-73.6351,-41.195
-73.6351,-41.195
-72.6994,-41.284
-74.0937289,-43.122598599999996
-73.9314642,-43.15946243
-73.9280648,-42.509602439999995
-73.9221986,-42.390225019999995
-73.9168933,-42.452602049999996
-73.878693,-42.443637839999994
-73.8363473,-42.46138156
-73.8129503,-42.464856579999996
-73.8122174,-42.4649043
-73.8037725,-42.465722709999994
-73.79715449999999,-42.468258539999994
-73.6812419,-42.46597831
-73.63507059999999,-41.19498188
-73.63504879999999,-41.19352246
-73.63504879999999,-41.19352246
-73.63094459999999,-41.737366869999995
-73.63093359999999,-41.73731272
-73.63092089999999,-41.73734862
-73.6308852,-41.73732124
-73.62864979999999,-41.73291225
-73.627809,-41.732723539999995
-73.6262673,-41.66348291
-73.62534889999999,-42.66547171
-73.62119919999999,-41.758909949999996
-73.6097417,-42.376643259999994
-73.58892709999999,-42.54021647
-73.5888791,-40.508302799999996
-73.58879999999999,-40.508599999999994
-73.58768169999999,-42.5138356
-73.5874322,-42.563632489999996
-73.5873652,-42.56894491
-73.5855165,-42.268600209999995
-73.582025,-42.272994
-73.58192559999999,-42.273119009999995
-73.57923199999999,-42.266479999999994
-73.5791081,-42.266613899999996
-73.57598999999999,-42.265358
-73.5759169,-42.265589219999995
-73.5739153,-42.269674439999996
-73.57373299999999,-42.268041999999994
-73.57265509999999,-42.281872729999996
-73.572576,-42.281575
-73.5627643,-42.27319292
-73.5619518,-42.446803149999994
-73.56103999999999,-42.276731549999994
-73.56050929999999,-42.28081441
-73.560509,-42.280814
-73.5603146,-42.281433699999994
-73.560202,-6.880473332999999
-73.55090729999999,-42.65086076
-73.544713,-40.404756279999994
-73.538506,-40.389171
-73.5357922,-40.39204703
-73.535792,-40.392047
-73.5306714,-40.39537807
-73.5299576,-40.39500088
-73.52926599999999,-40.758458499999996
-73.517743,-40.345256
-73.5177425,-40.34525576
-73.5167227,-40.35042438
-73.5167227,-40.35042438
-73.515631,-40.34065
-73.515186,-40.323949
-73.5136055,-42.88491027
-73.50860829999999,-42.07983399
-73.502974,-42.06007423
-73.5012559,-42.707400629999995
-73.497777,-42.683533659999995
-73.4644345,-42.77136271
-73.46373439999999,-42.16763193
-73.4583115,-42.17649339
-73.4557583,-42.181731889999995
-73.4529367,-42.17336837
-73.4528638,-42.16939593
-73.445972,-42.54989
-73.4442603,-42.552742429999995
-73.4301827,0.191972005
-73.4296499,-42.778326539999995
-73.4278215,-42.90835255
-73.4274987,-42.909051049999995
-73.4271901,-42.91075825
-73.427122,-42.90940672
-73.4270435,-42.90962189
-73.4270427,-42.910756479999996
-73.427025,-42.910999399999994
-73.4269569,-42.90964787
-73.4269218,-42.91011569
-73.4267816,-42.91088842
-73.426776,-42.91114048
-73.4264666,-42.91178511
-73.4263407,-42.91191867
-73.4232194,-42.778510499999996
-73.4211989,-42.62283386
-73.4209479,-42.77862723
-73.4205801,-42.778622799999994
-73.4204361,-42.92089738
-73.4201759,-42.77859992
-73.41733959999999,-42.778745789999995
-73.4145447,-42.77595647
-73.4102272,-42.77489557
-73.40900719999999,-42.2426025
-73.4079715,-42.77431885
-73.4063116,-42.773425169999996
-73.4059224,-42.773285359999996
-73.4053964,-42.77322492
-73.4047497,-40.374998639999994
-73.4032457,-42.23868698
-73.39725899999999,-42.92006626
-73.3955431,-42.77025886
-73.39547499999999,-42.92013442
-73.3953406,-42.77053553
-73.3952903,-42.92015016
-73.39463839999999,-42.920169169999994
-73.3942971,-42.920038909999995
-73.394282,-42.920164789999994
-73.3940235,-42.92017962
-73.3940004,-42.9201163
-73.3937892,-42.92021276
-73.3934215,-42.92016322
-73.3932128,-42.920151649999994
-73.3930652,-42.92015884
-73.3930637,-42.92022185
-73.3929548,-42.920148469999994
-73.3929285,-42.920220189999995
-73.3927319,-42.920217769999994
-73.392684,-42.92016315
-73.39230239999999,-42.92018547
-73.3829039,-42.468042909999994
-73.38215939999999,-42.664699129999995
-73.38067389999999,-42.4748774
-73.3786006,-42.668815349999996
-73.3766941,-42.918461549999996
-73.37621949999999,-42.47701042
-73.3717934,-42.67520527
-73.3667734,-41.60582219
-73.3585812,-42.81183417
-73.3566221,-42.81846407
-73.3499066,-42.08877998
-73.3481934,-42.80066287
-73.3401198,-42.82607994
-73.3325539,-42.685479009999995
-73.331096,-42.47765628
-73.3253579,-42.744882579999995
-73.32076909999999,-42.478757099999996
-73.3123031,-42.66749565
-73.3039411,-41.9428322
-73.2787865,-42.92100155
-73.2782062,-41.944655149999996
-73.278188,-41.944424
-73.278088,-41.9445365
-73.27776779999999,-42.68842858
-73.2768916,-41.9737364
-73.27317599999999,-41.936142999999994
-73.2715126,-42.692289419999994
-73.271388,-41.942339999999994
-73.2351314,-42.725998739999994
-73.2325187,-41.9859812
-73.1780093,-42.11763731
-73.0370466,-40.15448129
-73.0244242,-40.1544503
-72.9657876,-40.36972624
-72.9400126,-41.553049959999996
-72.93983399999999,-41.553174999999996
-72.9365444,-41.56566589
-72.9361071,-41.5658119
-72.93610699999999,-41.565811999999994
-72.936088,-41.565681999999995
-72.93599449999999,-41.569286579999996
-72.935936,-41.565493999999994
-72.9359359,-41.5654939
-72.935737,-41.56878
-72.9329733,-41.567679389999995
-72.93225,-41.567319999999995
-72.9317379,-41.56755122
-72.9293963,-41.56326204
-72.929334,-41.563258999999995
-72.92770399999999,-41.563513
-72.9275214,-41.56361877
-72.9068652,-40.3680367
-72.906728,-40.367863
-72.84822299999999,-41.326882
-72.8475499,-41.32702558
-72.8444119,-41.32257693
-72.842348,-41.338943
-72.8289703,-40.93793821
-72.798681,-41.304475999999994
-72.79861,-41.304475999999994
-72.797916,-41.307227999999995
-72.797641,-41.307252999999996
-72.7975779,-41.307350889999995
-72.79750899999999,-41.307117999999996
-72.796731,-41.306841
-72.7967309,-41.30684076
-72.796333,-41.304938
-72.7962019,-41.30495814
-72.793949,-41.112849999999995
-72.79318959999999,-41.13999867
-72.7860383,-41.28999143
-72.78599659999999,-41.293269169999995
-72.7854681,-41.28983733
-72.7830961,-41.12124073
-72.7817824,-41.28508917
-72.7782807,-41.125893899999994
-72.7782797,-41.120516699999996
-72.7782636,-41.29501586
-72.7782067,-41.12056046
-72.7779383,-41.28429208
-72.777928,-41.292334999999994
-72.77706049999999,-41.28440273
-72.77663129999999,-41.29126735
-72.7765943,-41.12131572
-72.7764044,-41.291245339999996
-72.77631199999999,-41.121553999999996
-72.77577939999999,-41.2840019
-72.775695,-41.284405719999995
-72.774929,-41.134068
-72.7744572,-41.285689899999994
-72.772939,-31.286438
-72.770022,-41.281268999999995
-72.7680675,-41.2850998
-72.7676257,-41.271644859999995
-72.7674668,-41.28094606
-72.76691459999999,-41.281368619999995
-72.7667682,-41.280725
-72.7630743,-41.27931916
-72.763053,-41.280769
-72.763019,-41.281083509999995
-72.7629651,-41.268274909999995
-72.7629182,-41.281243849999996
-72.7628651,-41.281792319999994
-72.76271179999999,-41.2801864
-72.7624489,-41.26946367
-72.7622014,-41.279654959999995
-72.7620991,-41.280625879999995
-72.761436,-41.280767239999996
-72.7611474,-41.281185439999994
-72.7609709,-41.2761205
-72.7605608,-41.27430286
-72.7601719,-41.282501139999994
-72.760127,-41.282022989999994
-72.7600312,-41.281642999999995
-72.7598737,-41.2740655
-72.7597707,-41.27391056
-72.759742,-41.27406317
-72.7590061,-41.2696548
-72.7589981,-41.282885609999994
-72.75623929999999,-41.27615358
-72.7560385,-41.276825519999996
-72.7534922,-41.26792656
-72.7530544,-41.268900509999995
-72.752967,-41.253398
-72.75281129999999,-41.267112839999996
-72.752776,-41.266338
-72.75275599999999,-41.265924999999996
-72.752743,-41.268904
-72.7525509,-41.26587427
-72.752511,-41.26599966
-72.7524057,-41.26630401
-72.7523508,-41.26690649
-72.7522528,-41.266976799999995
-72.75224229999999,-41.26921029
-72.752242,-41.269209999999994
-72.75210729999999,-41.267793819999994
-72.752107,-41.267799999999994
-72.7520574,-41.277367139999996
-72.751938,-41.27583386
-72.75165199999999,-41.26475943
-72.7515648,-41.26791025
-72.7515492,-41.264982769999996
-72.7514831,-41.264801459999994
-72.7508692,-41.26946504
-72.7500852,-41.26470449
-72.75004799999999,-41.253355
-72.749738,-41.26964302
-72.7494068,-41.269511019999996
-72.7480291,-41.26990977
-72.7455695,-41.26399342
-72.741491,-41.263091859999996
-72.741199,-41.263996309999996
-72.74059749999999,-41.2693806
-72.73648949999999,-41.27053187
-72.7352327,-41.25881851
-72.7335023,-41.271081679999995
-72.73231729999999,-41.273699359999995
-72.7315194,-41.2739372
-72.7251083,-41.26618394
-72.72381659999999,-41.26538605
-72.72373809999999,-41.265970069999995
-72.7230959,-41.26583238
-72.7219789,-41.2738102
-72.7205948,-41.272902509999994
-72.7195704,-41.27273087
-72.71937799999999,-41.27275441
-72.7180541,-41.26622756
-72.7176376,-41.26764309
-72.7171354,-41.26575158
-72.7166218,-41.26608453
-72.716039,-41.26708273
-72.71588129999999,-41.27760877
-72.71133979999999,-41.28066971
-72.7110387,-41.281096559999995
-72.710398,-41.281652339999994
-72.70877709999999,-41.27507497
-72.7085299,-41.28313151
-72.70822,-41.2838284
-72.7080916,-41.28372698
-72.7079672,-41.283868829999996
-72.7079617,-41.28403986
-72.7078271,-41.284127479999995
-72.7023323,-41.268445699999994
-72.6873263,-41.297622929999996
-72.6862726,-41.29871138
-72.685524,-41.299133
-72.683165,-41.298482
-72.67565499999999,-41.295876719999995
-72.613239,-41.191671
-72.6129058,-41.29232234
-72.61122499999999,-41.293867
-72.608778,-41.297846
-72.608576,-41.298166269999996
-72.6078598,-41.29880109
-72.52058939999999,-41.10125299
-72.5188541,-41.10272274
-72.4985336,-42.23466017
-72.4934036,-41.1138431
-72.483008,-42.232375
-72.46979999999999,-42.725201999999996
-72.453614,-42.713781999999995
-72.4500558,-41.22199183
-72.4481655,-41.80988014
-72.4481069,-41.204046809999994
-72.4479679,-41.22314703
-72.44663299999999,-42.706261999999995
-72.4423596,-41.49212649
-72.44210509999999,-41.191053409999995
-72.4419319,-41.217006989999994
-72.4410816,-41.19058209
-72.4323583,-40.8820444
-72.427875,-41.78762
-72.4255823,-41.788512399999995
-72.4166738,-41.76715489
-72.4166738,-41.76715489
-72.408079,-41.78173666
-72.408079,-41.78173666
-72.3969314,-40.93528946
-72.37865289999999,-41.19921891
-72.3752247,-41.19104975
-72.3741081,-41.20434694
-72.3682899,-41.20029719
-72.3041941,-41.525583129999994
-72.290429,-41.966108999999996
-72.2652454,-40.98435369
-72.2651613,-40.98436985
-72.2651553,-40.984216599999996
-72.2646516,-40.98244018
-72.2646516,-40.98244018
-72.261966,-40.980363479999994
-72.261966,-40.980363479999994
-72.254859,-41.937245999999995
-72.250398,-40.916827999999995
-72.248739,-41.91019
-72.2466414,-43.014504009999996
-72.2307014,-40.949127919999995
-72.2305411,-40.94896222
-72.2251173,-43.16295775
-72.225117,-43.162957999999996
-72.2213542,-40.946225899999995
-72.2212653,-40.946061779999994
-72.22028,-42.796431
-72.2127197,-40.94309595
-72.203617,-40.953072999999996
-72.20162359999999,-40.943188289999995
-72.200767,-41.776804
-72.200637,-40.936798239999995
-72.1722211,-43.183318279999995
-72.172221,-43.183318
-72.167722,-43.210245
-72.1677219,-43.210244509999995
-72.1327021,-43.19604372
-72.1095373,-41.28804659
-72.10642899999999,-43.206292
-72.10642899999999,-43.206292
-72.089743,-41.232212
-72.05208,-40.46241301
-71.86189759999999,-43.15416094
-71.830441,-40.483937
-71.7210099,-43.01202194
-71.594759,-43.416449
-1.166384906,-43.10792686
-72.47284699,-41.25223122
-72.70840181,-41.28339037
-72.75842269,-41.28099298
-72.75971484,-41.27378348
-72.776843,-41.121199
-72.7843803,-41.289764219999995
-72.78608487,-41.29351389
-72.79884034999999,-41.307598039999995
-72.829584,-40.935337
-73.35840069,-42.81273238
-73.35842674999999,-42.81319196
-73.35848398,-42.81231921
-73.38284807,-42.46620512
-73.38443395,-42.6610532
-73.38458704,-42.917334829999994
-73.38495056,-42.464430039999996
-73.41784633,-42.22270768
-73.42707846,-42.9174024
-73.45495584,-42.18176751
-73.55641684,-42.225726859999995
-73.558458,-42.269481
-73.58998457,-42.54677453
-73.60484542,-41.68090599
-73.63084816,-41.73736589
-73.72545683999999,-41.83634434
-73.84008496,-41.78656358
-73.575917,-42.265589
-71.391728,-39.1599
-73.201,-38.616099999999996
-72.432492,-38.570994999999996
-72.432492,-38.570994999999996
-72.36378599999999,-38.572429
-72.36378599999999,-38.572429
-72.354393,-38.566568999999994
-72.354393,-38.566568999999994
-72.351007,-38.564054
-72.351007,-38.564054
-72.2374,-37.7639
-72.2374,-37.7639
-73.20089999999999,-38.6166
-73.201095,-38.615435
-73.200808,-38.616443
-73.007138,-39.197767
-73.008769,-39.201648
-73.011246,-39.770399999999995
-73.00886,-39.201730999999995
-73.009259,-39.201105999999996
-72.041704,-39.979364
-72.125337,-39.878595999999995
-73.36355,-39.729281
-72.6271,-39.656699999999994
-72.627056,-39.656709
-72.6271,-39.656699999999994
-72.626661,-39.657016999999996
-72.294163,-39.545196
-73.315,-39.7166
-73.315,-39.7166
-73.315,-39.7166
-72.8849,-40.1106
-72.030819,-39.968872999999995
-72.031406,-39.964655
-72.035586,-39.960747
-73.228593,-39.686828
-73.36412899999999,-39.729873
-72.760902,-40.140941999999995
-72.892488,-39.608532999999994
-73.199732,-39.675162
-73.22707799999999,-39.672788
-72.593458,-39.23657
-72.593434,-39.235789
-72.592748,-39.235065
-72.591887,-39.233700999999996
-72.590567,-39.232600999999995
-73.199506,-39.639599
-73.193673,-39.673258
-73.200673,-39.638678
-72.128006,-39.923587
-73.199314,-39.673052999999996
-73.164963,-39.663587
-73.149661,-39.659613
-71.85264,-39.385102999999994
-71.262072,-39.109911
-71.262671,-39.110132
-71.262191,-39.109989
-73.014316,-39.014315999999994
-71.3898,-39.1599
-72.4324,-38.570899999999995
-72.4324,-38.570899999999995
-72.3643,-38.5725
-72.3643,-38.5725
-72.3545,-38.5663
-72.3545,-38.5663
-72.353,-38.5652
-72.3509,-38.5638
-72.3509,-38.5638
-72.0542,-39.942299999999996
-72.179,-39.9272
-73.2868,-39.6973
-72.6271,-39.656699999999994
-72.6267,-39.657
-72.2942,-39.545199999999994
-72.2135,-41.1659
-73.201,-38.616099999999996
-73.201,-38.616099999999996
-73.19973,-39.675162
-72.122984,-43.196627
-72.82897,-40.937937999999995
-72.236558,-41.166183999999994
-72.79319,-41.139998999999996
-72.906865,-40.368036999999994
-73.278088,-41.944537
-73.201095,-38.615435
-73.200808,-38.616443
-73.560202,-42.28284
-73.4301827,-41.2084
-72.2184,-43.10792686
-72.8194,-36.712799999999994
-72.9541,-36.8994
-72.9491,-36.893499999999996
-72.8159,-36.7285
-72.816,-36.7277
-72.8167,-36.7195
-72.8213,-36.7133
-72.8421,-36.638299999999994
-72.8399,-36.612199999999994
-72.8372,-36.607899999999994
-72.8997,-36.566599999999994
-72.7902,-36.543099999999995
-72.9161,-36.5074
-72.841,-36.6337
-73.4567,-37.413199999999996
-73.4567,-37.413199999999996
-73.4567,-37.413199999999996
-73.4567,-37.413199999999996
-73.2497,-37.084999999999994
-73.2497,-37.084999999999994
-73.2497,-37.084999999999994
-73.2497,-37.084999999999994
-72.7575,-37.0143
-72.7575,-37.0143
-72.7575,-37.0143
-72.7575,-37.0143
-72.98259999999999,-36.964999999999996
-72.98259999999999,-36.964999999999996
-72.98259999999999,-36.964999999999996
-72.98259999999999,-36.964999999999996
-72.94749999999999,-36.89
-72.94749999999999,-36.89
-72.94749999999999,-36.89
-72.94749999999999,-36.89
-72.7709,-36.7696
-72.7709,-36.7696
-72.7709,-36.7696
-72.7709,-36.7696
-72.80969999999999,-36.740899999999996
-72.80969999999999,-36.740899999999996
-72.80969999999999,-36.740899999999996
-72.80969999999999,-36.740899999999996
-72.8412,-36.638799999999996
-72.8065,-36.541999999999994
-72.8412,-36.638799999999996
-72.8065,-36.541999999999994
-72.813,-36.7247
-72.8167,-36.7195
-72.7781,-36.3932
-72.813,-36.7247
-72.8167,-36.7195
-72.7781,-36.3932
-72.9032,-36.5543
-72.9032,-36.5543
-72.9032,-36.5543
-72.9032,-36.5543
