,Longitud,Latitud
0,-73.7755,-42.458600000000004
1,-73.7755,-42.458600000000004
2,-72.6883,-42.398700000000005
3,-73.7789,-40.6983
4,-73.59469999999999,-40.565000000000005
5,-72.6382,-41.999900000000004
6,-73.12599999999999,-41.7593
7,-73.12169999999999,-41.757600000000004
8,-73.11749999999999,-41.7536
9,-73.1265,-41.755700000000004
10,-72.96826399999999,-41.485016
11,-72.96826399999999,-41.485016
12,-72.95296499999999,-41.458275
13,-72.942511,-41.456
14,-72.9416,-41.4579
15,-72.31299999999999,-43.3866
16,-72.7986,-41.4882
17,-73.01899999999999,-41.127900000000004
18,-73.70769999999999,-40.5353
19,-73.70769999999999,-40.5353
20,-73.73469999999999,-40.5948
21,-73.73469999999999,-40.5948
22,-73.9155,-42.0263
23,-72.9666,-41.3113
24,-72.3916,-41.1332
25,-72.9422,-41.4592
26,-72.8029,-41.4823
27,-72.9888,-41.4976
28,-72.9888,-41.4976
29,-73.03439999999999,-41.5126
30,-72.95299999999999,-41.4711
31,-72.95299999999999,-41.4711
32,-72.9421,-41.4578
33,-72.9421,-41.4578
34,-73.13,-41.743
35,-73.1194,-41.7533
36,-73.1259,-41.755500000000005
37,-73.1261,-41.7558
38,-73.12299999999999,-41.7577
39,-73.0375,-41.517
40,-73.0375,-41.517
41,-73.4939,-42.1328
42,-73.72579999999999,-40.582
43,-73.82509999999999,-41.385000000000005
44,-73.82509999999999,-41.385000000000005
45,-72.8894,-41.474000000000004
46,-74.2837289,-43.3125986
47,-74.12146419999999,-43.34946243
48,-74.1180648,-42.69960244
49,-74.1121986,-42.58022502
50,-74.1068933,-42.64260205
51,-74.068693,-42.63363784
52,-74.0263473,-42.651381560000004
53,-74.0029503,-42.65485658
54,-74.00221739999999,-42.654904300000005
55,-73.99377249999999,-42.65572271
56,-73.98715449999999,-42.65825854
57,-73.9155,-42.0263
58,-73.8712419,-42.65597831
59,-73.82509999999999,-41.385000000000005
60,-73.82509999999999,-41.385000000000005
61,-73.82507059999999,-41.384981880000005
62,-73.82504879999999,-41.38352246
63,-73.82504879999999,-41.38352246
64,-73.82094459999999,-41.92736687
65,-73.82093359999999,-41.92731272
66,-73.82092089999999,-41.927348620000004
67,-73.82088519999999,-41.927321240000005
68,-73.81864979999999,-41.92291225
69,-73.817809,-41.92272354
70,-73.81626729999999,-41.853482910000004
71,-73.81534889999999,-42.85547171
72,-73.81119919999999,-41.94890995
73,-73.7997417,-42.56664326
74,-73.77892709999999,-42.73021647
75,-73.7788791,-40.6983028
76,-73.77879999999999,-40.6986
77,-73.77768169999999,-42.703835600000005
78,-73.77743219999999,-42.75363249
79,-73.77736519999999,-42.758944910000004
80,-73.7755165,-42.45860021
81,-73.772025,-42.462994
82,-73.77192559999999,-42.46311901
83,-73.76923199999999,-42.45648
84,-73.7691081,-42.4566139
85,-73.76598999999999,-42.455358000000004
86,-73.7659169,-42.45558922
87,-73.7639153,-42.45967444
88,-73.76373299999999,-42.458042
89,-73.76265509999999,-42.47187273
90,-73.762576,-42.471575
91,-73.7527643,-42.463192920000004
92,-73.7519518,-42.63680315
93,-73.75103999999999,-42.46673155
94,-73.75050929999999,-42.47081441
95,-73.750509,-42.470814000000004
96,-73.7503146,-42.4714337
98,-73.74090729999999,-42.840860760000005
99,-73.734713,-40.59475628
100,-73.73469999999999,-40.5948
101,-73.73469999999999,-40.5948
102,-73.728506,-40.579171
103,-73.72579999999999,-40.582
104,-73.7257922,-40.582047030000005
105,-73.725792,-40.582047
106,-73.7206714,-40.585378070000004
107,-73.7199576,-40.58500088
108,-73.71926599999999,-40.9484585
109,-73.707743,-40.535256000000004
110,-73.7077425,-40.535255760000005
111,-73.7067227,-40.540424380000005
112,-73.7067227,-40.540424380000005
113,-73.705631,-40.53065
114,-73.705186,-40.513949000000004
115,-73.7036055,-43.074910270000004
116,-73.69860829999999,-42.26983399
117,-73.69297399999999,-42.25007423
118,-73.6912559,-42.89740063
119,-73.687777,-42.87353366
120,-73.6544345,-42.96136271
121,-73.65373439999999,-42.357631930000004
122,-73.64831149999999,-42.36649339
123,-73.6457583,-42.37173189
124,-73.64293669999999,-42.36336837
125,-73.6428638,-42.359395930000005
126,-73.635972,-42.73989
127,-73.6342603,-42.74274243
129,-73.6196499,-42.96832654
130,-73.61782149999999,-43.09835255
131,-73.6174987,-43.09905105
132,-73.6171901,-43.100758250000005
133,-73.617122,-43.099406720000005
134,-73.6170435,-43.09962189
135,-73.6170427,-43.10075648
136,-73.617025,-43.1009994
137,-73.61695689999999,-43.099647870000005
138,-73.6169218,-43.10011569
139,-73.6167816,-43.100888420000004
140,-73.616776,-43.101140480000005
141,-73.6164666,-43.10178511
142,-73.6163407,-43.10191867
143,-73.6163407,-43.10191867
144,-73.6163407,-43.10191867
145,-73.61321939999999,-42.9685105
146,-73.61119889999999,-42.812833860000005
147,-73.6109479,-42.96862723
148,-73.61058009999999,-42.9686228
149,-73.6104361,-43.110897380000004
150,-73.6101759,-42.96859992
151,-73.60733959999999,-42.96874579
152,-73.60454469999999,-42.96595647
153,-73.60022719999999,-42.96489557
154,-73.59900719999999,-42.4326025
155,-73.5979715,-42.964318850000005
156,-73.59631159999999,-42.96342517
157,-73.59592239999999,-42.96328536
158,-73.5953964,-42.96322492
159,-73.5947497,-40.56499864
160,-73.5932457,-42.42868698
161,-73.58725899999999,-43.11006626
162,-73.5855431,-42.96025886
163,-73.58547499999999,-43.11013442
164,-73.5853406,-42.96053553
165,-73.5852903,-43.11015016
166,-73.58463839999999,-43.11016917
167,-73.5842971,-43.11003891
168,-73.584282,-43.11016479
169,-73.5840235,-43.110179620000004
170,-73.5840004,-43.1101163
171,-73.5837892,-43.11021276
172,-73.5834215,-43.110163220000004
173,-73.5832128,-43.11015165
174,-73.5830652,-43.110158840000004
175,-73.5830637,-43.11022185
176,-73.5829548,-43.11014847
177,-73.5829285,-43.11022019
178,-73.5829285,-43.11022019
179,-73.5827319,-43.11021777
180,-73.582684,-43.110163150000005
181,-73.58230239999999,-43.110185470000005
182,-73.5729039,-42.65804291
183,-73.57215939999999,-42.85469913
184,-73.57067389999999,-42.6648774
185,-73.5686006,-42.85881535
186,-73.56669409999999,-43.10846155
187,-73.56621949999999,-42.667010420000004
188,-73.5617934,-42.865205270000004
189,-73.5567734,-41.79582219
190,-73.5485812,-43.00183417
191,-73.5466221,-43.00846407
192,-73.5399066,-42.27877998
193,-73.5381934,-42.99066287
194,-73.5301198,-43.016079940000004
195,-73.52255389999999,-42.87547901
196,-73.521096,-42.66765628
197,-73.5153579,-42.93488258
198,-73.51076909999999,-42.6687571
199,-73.50230309999999,-42.857495650000004
200,-73.4939411,-42.1328322
201,-73.4687865,-43.111001550000005
202,-73.4682062,-42.13465515
203,-73.468188,-42.134424
204,-73.468088,-42.1345365
205,-73.46776779999999,-42.878428580000005
206,-73.4668916,-42.163736400000005
207,-73.46317599999999,-42.126143
208,-73.46151259999999,-42.88228942
209,-73.461388,-42.13234
210,-73.4251314,-42.91599874
211,-73.4225187,-42.1759812
212,-73.3680093,-42.307637310000004
213,-73.2270466,-40.344481290000004
214,-73.2144242,-40.344450300000005
215,-73.1557876,-40.55972624
216,-73.1300126,-41.74304996
217,-73.12983399999999,-41.743175
218,-73.1265444,-41.75566589
219,-73.1261071,-41.755811900000005
220,-73.12610699999999,-41.755812
221,-73.126088,-41.755682
222,-73.12599449999999,-41.75928658
223,-73.125936,-41.755494
224,-73.1259359,-41.755493900000005
225,-73.125737,-41.75878
226,-73.1229733,-41.75767939
227,-73.12225,-41.75732
228,-73.1217379,-41.75755122
229,-73.11939629999999,-41.75326204
230,-73.119334,-41.753259
231,-73.11770399999999,-41.753513000000005
232,-73.1175214,-41.75361877
233,-73.0968652,-40.5580367
234,-73.096728,-40.557863000000005
235,-73.03822299999999,-41.516882
236,-73.0375499,-41.51702558
237,-73.0344119,-41.51257693
238,-73.032348,-41.528943000000005
239,-73.01897029999999,-41.12793821
240,-72.988681,-41.494476
241,-72.98861,-41.494476
242,-72.987916,-41.497228
243,-72.987641,-41.497253
244,-72.98757789999999,-41.49735089
245,-72.98750899999999,-41.497118
246,-72.98673099999999,-41.496841
247,-72.9867309,-41.496840760000005
248,-72.986333,-41.494938000000005
249,-72.9862019,-41.49495814
250,-72.983949,-41.30285
251,-72.98318959999999,-41.32999867
252,-72.9760383,-41.479991430000005
253,-72.97599659999999,-41.48326917
254,-72.9754681,-41.47983733
255,-72.97309609999999,-41.31124073
256,-72.9717824,-41.475089170000004
257,-72.9682807,-41.3158939
258,-72.9682797,-41.3105167
259,-72.96826399999999,-41.485016
260,-72.9682636,-41.485015860000004
261,-72.9682067,-41.310560460000005
262,-72.9679383,-41.474292080000005
263,-72.967928,-41.482335
264,-72.96706049999999,-41.47440273
265,-72.96663129999999,-41.48126735
266,-72.9665943,-41.31131572
267,-72.9664044,-41.48124534
268,-72.96631199999999,-41.311554
269,-72.96577939999999,-41.474001900000005
270,-72.965695,-41.47440572
271,-72.964929,-41.324068000000004
272,-72.9644572,-41.4756899
273,-72.96293899999999,-31.476437999999998
274,-72.960022,-41.471269
275,-72.9580675,-41.4750998
276,-72.9576257,-41.46164486
277,-72.95746679999999,-41.47094606
278,-72.95691459999999,-41.47136862
279,-72.9567682,-41.470725
280,-72.9530743,-41.469319160000005
281,-72.953053,-41.470769000000004
282,-72.953019,-41.47108351
283,-72.9529651,-41.45827491
284,-72.95296499999999,-41.458275
285,-72.9529182,-41.47124385
286,-72.9528651,-41.47179232
287,-72.95271179999999,-41.4701864
288,-72.9524489,-41.459463670000005
289,-72.95220139999999,-41.46965496
290,-72.9520991,-41.47062588
291,-72.951436,-41.47076724
292,-72.9511474,-41.47118544
293,-72.9509709,-41.4661205
294,-72.95056079999999,-41.464302860000004
295,-72.9501719,-41.47250114
296,-72.950127,-41.47202299
297,-72.9500312,-41.471643
298,-72.9498737,-41.464065500000004
299,-72.9497707,-41.46391056
300,-72.949742,-41.46406317
301,-72.94900609999999,-41.4596548
302,-72.9489981,-41.47288561
303,-72.94623929999999,-41.466153580000004
304,-72.9460385,-41.46682552
305,-72.9434922,-41.457926560000004
306,-72.9430544,-41.45890051
307,-72.942967,-41.443398
308,-72.94281129999999,-41.45711284
309,-72.942776,-41.456338
310,-72.94275599999999,-41.455925
311,-72.942743,-41.458904000000004
312,-72.9425509,-41.45587427
313,-72.942511,-41.45599966
314,-72.9424057,-41.456304010000004
315,-72.9423508,-41.45690649
316,-72.94225279999999,-41.4569768
317,-72.94224229999999,-41.45921029
318,-72.942242,-41.45921
319,-72.94210729999999,-41.45779382
320,-72.942107,-41.4578
321,-72.9420574,-41.46736714
322,-72.941938,-41.465833860000004
323,-72.94165199999999,-41.45475943
324,-72.9415648,-41.457910250000005
325,-72.9415492,-41.45498277
326,-72.9414831,-41.45480146
327,-72.9408692,-41.459465040000005
328,-72.9400852,-41.454704490000005
329,-72.94004799999999,-41.443355000000004
330,-72.93973799999999,-41.45964302
331,-72.9394068,-41.45951102
332,-72.9380291,-41.45990977
333,-72.9355695,-41.45399342
334,-72.931491,-41.45309186
335,-72.93119899999999,-41.45399631
336,-72.93059749999999,-41.4593806
337,-72.92648949999999,-41.460531870000004
338,-72.9252327,-41.44881851
339,-72.9235023,-41.46108168
340,-72.92231729999999,-41.46369936
341,-72.9215194,-41.463937200000004
342,-72.9151083,-41.45618394
343,-72.91381659999999,-41.45538605
344,-72.91373809999999,-41.45597007
345,-72.9130959,-41.455832380000004
346,-72.9119789,-41.463810200000005
347,-72.9105948,-41.46290251
348,-72.90957039999999,-41.46273087
349,-72.90937799999999,-41.46275441
350,-72.9080541,-41.45622756
351,-72.9076376,-41.457643090000005
352,-72.9071354,-41.455751580000005
353,-72.9066218,-41.456084530000005
354,-72.90603899999999,-41.45708273
355,-72.90588129999999,-41.467608770000005
356,-72.90133979999999,-41.47066971
357,-72.9010387,-41.47109656
358,-72.900398,-41.47165234
359,-72.89877709999999,-41.46507497
360,-72.8985299,-41.47313151
361,-72.89822,-41.4738284
362,-72.8980916,-41.47372698
363,-72.8979672,-41.47386883
364,-72.8979617,-41.474039860000005
365,-72.8978271,-41.47412748
366,-72.89233229999999,-41.4584457
367,-72.8894,-41.474000000000004
368,-72.8773263,-41.48762293
369,-72.8762726,-41.488711380000005
370,-72.875524,-41.489133
371,-72.873165,-41.488482000000005
372,-72.86565499999999,-41.48587672
373,-72.80323899999999,-41.381671000000004
374,-72.80290579999999,-41.48232234
375,-72.80122499999999,-41.483867000000004
376,-72.798778,-41.487846000000005
377,-72.798576,-41.48816627
378,-72.7978598,-41.48880109
379,-72.71058939999999,-41.291252990000004
380,-72.7088541,-41.29272274
381,-72.6885336,-42.42466017
382,-72.68340359999999,-41.3038431
383,-72.673008,-42.422375
384,-72.65979999999999,-42.915202
385,-72.643614,-42.903782
386,-72.6400558,-41.411991830000005
387,-72.6381655,-41.99988014
388,-72.6381069,-41.39404681
389,-72.63796789999999,-41.413147030000005
390,-72.63663299999999,-42.896262
391,-72.6323596,-41.68212649
392,-72.63210509999999,-41.38105341
393,-72.6319319,-41.40700699
394,-72.6310816,-41.380582090000004
395,-72.6223583,-41.0720444
396,-72.617875,-41.97762
397,-72.6155823,-41.9785124
398,-72.6066738,-41.957154890000005
399,-72.6066738,-41.957154890000005
400,-72.598079,-41.971736660000005
401,-72.598079,-41.971736660000005
402,-72.5869314,-41.125289460000005
403,-72.56865289999999,-41.389218910000004
404,-72.5652247,-41.38104975
405,-72.5641081,-41.394346940000005
406,-72.55828989999999,-41.390297190000005
407,-72.4941941,-41.71558313
408,-72.480429,-42.156109
409,-72.4552454,-41.174353690000004
410,-72.4551613,-41.174369850000005
411,-72.4551553,-41.1742166
412,-72.45465159999999,-41.17244018
413,-72.45465159999999,-41.17244018
414,-72.451966,-41.17036348
415,-72.451966,-41.17036348
416,-72.444859,-42.127246
417,-72.440398,-41.106828
418,-72.438739,-42.100190000000005
419,-72.4366414,-43.20450401
420,-72.4207014,-41.13912792
421,-72.4205411,-41.13896222
422,-72.41511729999999,-43.35295775
423,-72.415117,-43.352958
424,-72.41135419999999,-41.1362259
425,-72.4112653,-41.13606178
426,-72.41028,-42.986431
427,-72.40271969999999,-41.133095950000005
428,-72.39361699999999,-41.143073
429,-72.39162359999999,-41.13318829
430,-72.390767,-41.966804
431,-72.390637,-41.12679824
432,-72.3622211,-43.37331828
433,-72.36222099999999,-43.373318000000005
434,-72.357722,-43.400245000000005
435,-72.3577219,-43.40024451
436,-72.3227021,-43.38604372
437,-72.2995373,-41.478046590000005
438,-72.29642899999999,-43.396292
439,-72.29642899999999,-43.396292
440,-72.279743,-41.422212
441,-72.24208,-40.652413010000004
442,-72.05189759999999,-43.34416094
443,-72.02044099999999,-40.673937
444,-71.9110099,-43.20202194
445,-71.784759,-43.606449000000005
447,-72.66284698999999,-41.442231220000004
448,-72.89840181,-41.473390370000004
449,-72.94842269,-41.470992980000005
450,-72.94971484,-41.463783480000004
451,-72.966843,-41.311199
452,-72.97438029999999,-41.47976422
453,-72.97608487,-41.483513890000005
454,-72.98884034999999,-41.49759804
455,-72.98884034999999,-41.49759804
456,-73.019584,-41.125337
457,-73.54840069,-43.002732380000005
458,-73.54842674999999,-43.00319196
459,-73.54848398,-43.00231921
460,-73.57284806999999,-42.65620512
461,-73.57443395,-42.8510532
462,-73.57458704,-43.10733483
463,-73.57495055999999,-42.65443004
464,-73.60784633,-42.412707680000004
465,-73.61707846,-43.107402400000005
466,-73.64495584,-42.371767510000005
467,-73.74641684,-42.41572686
468,-73.748458,-42.459481000000004
469,-73.77998457,-42.736774530000005
470,-73.79484542,-41.870905990000004
471,-73.82084816,-41.927365890000004
472,-73.91545683999999,-42.02634434
473,-74.03008496,-41.976563580000004
474,-73.765917,-42.455589
475,-71.581728,-39.349900000000005
476,-73.39099999999999,-38.8061
477,-72.622492,-38.760995
478,-72.622492,-38.760995
479,-72.55378599999999,-38.762429000000004
480,-72.55378599999999,-38.762429000000004
481,-72.544393,-38.756569
482,-72.544393,-38.756569
483,-72.541007,-38.754054000000004
484,-72.541007,-38.754054000000004
485,-72.42739999999999,-37.953900000000004
486,-72.42739999999999,-37.953900000000004
487,-73.39089999999999,-38.8066
488,-73.39109499999999,-38.805435
489,-73.39080799999999,-38.806443
490,-73.197138,-39.387767000000004
491,-73.198769,-39.391648
492,-73.201246,-39.9604
493,-73.19886,-39.391731
494,-73.199259,-39.391106
495,-72.231704,-40.169364
496,-72.315337,-40.068596
497,-73.55355,-39.919281000000005
498,-72.8171,-39.8467
499,-72.817056,-39.846709000000004
500,-72.8171,-39.8467
501,-72.816661,-39.847017
502,-72.484163,-39.735196
503,-73.505,-39.906600000000005
504,-73.505,-39.906600000000005
505,-73.505,-39.906600000000005
506,-73.0749,-40.3006
507,-72.22081899999999,-40.158873
508,-72.221406,-40.154655000000005
509,-72.22558599999999,-40.150747
510,-73.418593,-39.876828
511,-73.55412899999999,-39.919873
512,-72.950902,-40.330942
513,-73.082488,-39.798533
514,-73.389732,-39.865162000000005
515,-73.41707799999999,-39.862788
516,-72.783458,-39.426570000000005
517,-72.783434,-39.425789
518,-72.782748,-39.425065000000004
519,-72.781887,-39.423701
520,-72.78056699999999,-39.422601
521,-73.389506,-39.829599
522,-73.383673,-39.863258
523,-73.39067299999999,-39.828678000000004
524,-72.318006,-40.113587
525,-73.389314,-39.863053
526,-73.354963,-39.853587000000005
527,-73.33966099999999,-39.849613000000005
528,-72.04263999999999,-39.575103
529,-71.452072,-39.299911
530,-71.452671,-39.300132000000005
531,-71.452191,-39.299989000000004
532,-73.20431599999999,-39.204316
533,-71.57979999999999,-39.349900000000005
534,-73.39099999999999,-38.8061
535,-72.6224,-38.7609
536,-72.6224,-38.7609
537,-72.5543,-38.7625
538,-72.5543,-38.7625
539,-72.5445,-38.7563
540,-72.5445,-38.7563
541,-72.54299999999999,-38.7552
542,-72.5409,-38.753800000000005
543,-72.5409,-38.753800000000005
544,-72.42739999999999,-37.953900000000004
545,-72.42739999999999,-37.953900000000004
546,-72.24419999999999,-40.1323
547,-72.369,-40.117200000000004
548,-73.4768,-39.8873
549,-72.8171,-39.8467
550,-72.8171,-39.8467
551,-72.8171,-39.8467
552,-72.8167,-39.847
553,-72.4842,-39.7352
554,-73.505,-39.906600000000005
555,-73.505,-39.906600000000005
556,-73.505,-39.906600000000005
557,-73.0749,-40.3006
558,-73.7755,-42.458600000000004
559,-73.7755,-42.458600000000004
560,-72.6883,-42.398700000000005
561,-73.7789,-40.6983
562,-73.59469999999999,-40.565000000000005
563,-72.6382,-41.999900000000004
564,-73.12599999999999,-41.7593
565,-73.12169999999999,-41.757600000000004
566,-73.11749999999999,-41.7536
567,-73.1265,-41.755700000000004
568,-72.9416,-41.4579
569,-72.31299999999999,-43.3866
570,-72.7986,-41.4882
571,-73.01899999999999,-41.127900000000004
572,-73.70769999999999,-40.5353
573,-73.70769999999999,-40.5353
574,-73.73469999999999,-40.5948
575,-73.73469999999999,-40.5948
576,-73.9155,-42.0263
577,-72.9666,-41.3113
578,-72.3916,-41.1332
579,-72.9422,-41.4592
580,-72.8029,-41.4823
581,-72.9888,-41.4976
582,-72.9888,-41.4976
583,-73.03439999999999,-41.5126
584,-72.95299999999999,-41.4711
585,-72.95299999999999,-41.4711
586,-72.9421,-41.4578
587,-72.9421,-41.4578
588,-73.13,-41.743
589,-73.1194,-41.7533
590,-73.1259,-41.755500000000005
591,-73.1261,-41.7558
592,-73.12299999999999,-41.7577
593,-73.0375,-41.517
594,-73.0375,-41.517
595,-73.4939,-42.1328
596,-73.72579999999999,-40.582
597,-73.82509999999999,-41.385000000000005
598,-73.82509999999999,-41.385000000000005
599,-72.8894,-41.474000000000004
600,-72.4035,-41.355900000000005
601,-73.39089999999999,-38.8066
602,-73.39099999999999,-38.8061
603,-73.39099999999999,-38.8061
604,-73.38973,-39.865162000000005
605,-72.312984,-43.386627000000004
606,-72.312984,-43.386627000000004
607,-73.01897,-41.127938
608,-72.426558,-41.356184
609,-73.725792,-40.582047
610,-72.98319,-41.329999
611,-73.096865,-40.558037
612,-72.95296499999999,-41.458275
613,-72.942511,-41.456
614,-73.765917,-42.455589
615,-72.96826399999999,-41.485016
616,-72.96826399999999,-41.485016
617,-73.468088,-42.134537
618,-72.415117,-43.352958
619,-72.36222099999999,-43.373318000000005
620,-72.357722,-43.400245000000005
621,-71.581728,-39.349900000000005
622,-73.39099999999999,-38.8061
623,-72.622492,-38.760995
624,-72.622492,-38.760995
625,-72.55378599999999,-38.762429000000004
626,-72.55378599999999,-38.762429000000004
627,-72.544393,-38.756569
628,-72.544393,-38.756569
629,-72.541007,-38.754054000000004
630,-72.541007,-38.754054000000004
631,-72.42739999999999,-37.953900000000004
632,-72.42739999999999,-37.953900000000004
633,-72.231704,-40.169364
634,-72.315337,-40.068596
635,-73.55355,-39.919281000000005
636,-72.8171,-39.8467
637,-72.817056,-39.846709000000004
638,-72.8171,-39.8467
639,-72.816661,-39.847017
640,-72.484163,-39.735196
641,-73.505,-39.906600000000005
642,-73.505,-39.906600000000005
643,-73.505,-39.906600000000005
644,-73.0749,-40.3006
645,-73.7755,-42.458600000000004
646,-73.7755,-42.458600000000004
647,-72.6883,-42.398700000000005
648,-73.7789,-40.6983
649,-73.59469999999999,-40.565000000000005
650,-72.6382,-41.999900000000004
651,-73.12599999999999,-41.7593
652,-73.12169999999999,-41.757600000000004
653,-73.11749999999999,-41.7536
654,-73.1265,-41.755700000000004
655,-73.39089999999999,-38.8066
656,-73.39109499999999,-38.805435
657,-73.39080799999999,-38.806443
658,-73.197138,-39.387767000000004
659,-73.198769,-39.391648
660,-72.96826399999999,-41.485016
661,-72.96826399999999,-41.485016
662,-72.95296499999999,-41.458275
663,-72.942511,-41.456
664,-72.9416,-41.4579
665,-72.31299999999999,-43.3866
666,-72.7986,-41.4882
667,-73.01899999999999,-41.127900000000004
668,-73.70769999999999,-40.5353
669,-73.70769999999999,-40.5353
670,-73.73469999999999,-40.5948
671,-73.73469999999999,-40.5948
672,-73.9155,-42.0263
673,-72.9666,-41.3113
674,-72.3916,-41.1332
675,-72.9422,-41.4592
676,-72.8029,-41.4823
677,-72.9888,-41.4976
678,-72.9888,-41.4976
679,-73.03439999999999,-41.5126
680,-72.95299999999999,-41.4711
681,-72.95299999999999,-41.4711
682,-72.9421,-41.4578
683,-72.9421,-41.4578
684,-73.13,-41.743
685,-73.1194,-41.7533
686,-73.1259,-41.755500000000005
687,-73.1261,-41.7558
688,-73.12299999999999,-41.7577
689,-73.0375,-41.517
690,-73.0375,-41.517
691,-73.4939,-42.1328
692,-73.72579999999999,-40.582
693,-73.82509999999999,-41.385000000000005
694,-73.82509999999999,-41.385000000000005
695,-72.8894,-41.474000000000004
696,-74.2837289,-43.3125986
697,-74.12146419999999,-43.34946243
698,-74.1180648,-42.69960244
699,-74.1121986,-42.58022502
700,-74.1068933,-42.64260205
701,-74.068693,-42.63363784
702,-74.0263473,-42.651381560000004
703,-74.0029503,-42.65485658
704,-74.00221739999999,-42.654904300000005
705,-73.99377249999999,-42.65572271
706,-73.98715449999999,-42.65825854
707,-73.9155,-42.0263
708,-73.8712419,-42.65597831
709,-73.82509999999999,-41.385000000000005
710,-73.82509999999999,-41.385000000000005
711,-73.82507059999999,-41.384981880000005
712,-73.82504879999999,-41.38352246
713,-73.82504879999999,-41.38352246
714,-73.82094459999999,-41.92736687
715,-73.82093359999999,-41.92731272
716,-73.82092089999999,-41.927348620000004
717,-73.82088519999999,-41.927321240000005
718,-73.81864979999999,-41.92291225
719,-73.817809,-41.92272354
720,-73.81626729999999,-41.853482910000004
721,-73.81534889999999,-42.85547171
722,-73.81119919999999,-41.94890995
723,-73.7997417,-42.56664326
724,-73.77892709999999,-42.73021647
725,-73.7788791,-40.6983028
726,-73.77879999999999,-40.6986
727,-73.77768169999999,-42.703835600000005
728,-73.77743219999999,-42.75363249
729,-73.77736519999999,-42.758944910000004
730,-73.7755165,-42.45860021
731,-73.772025,-42.462994
732,-73.77192559999999,-42.46311901
733,-73.76923199999999,-42.45648
734,-73.7691081,-42.4566139
735,-73.76598999999999,-42.455358000000004
736,-73.7659169,-42.45558922
737,-73.7639153,-42.45967444
738,-73.76373299999999,-42.458042
739,-73.76265509999999,-42.47187273
740,-73.762576,-42.471575
741,-73.7527643,-42.463192920000004
742,-73.7519518,-42.63680315
743,-73.75103999999999,-42.46673155
744,-73.75050929999999,-42.47081441
745,-73.750509,-42.470814000000004
746,-73.7503146,-42.4714337
747,-73.750202,-42.472840000000005
748,-73.74090729999999,-42.840860760000005
749,-73.734713,-40.59475628
750,-73.73469999999999,-40.5948
751,-73.73469999999999,-40.5948
752,-73.728506,-40.579171
753,-73.72579999999999,-40.582
754,-73.7257922,-40.582047030000005
755,-73.725792,-40.582047
756,-73.7206714,-40.585378070000004
757,-73.7199576,-40.58500088
758,-73.71926599999999,-40.9484585
759,-73.707743,-40.535256000000004
760,-73.7077425,-40.535255760000005
761,-73.7067227,-40.540424380000005
762,-73.7067227,-40.540424380000005
763,-73.705631,-40.53065
764,-73.705186,-40.513949000000004
765,-73.7036055,-43.074910270000004
766,-73.69860829999999,-42.26983399
767,-73.69297399999999,-42.25007423
768,-73.6912559,-42.89740063
769,-73.687777,-42.87353366
770,-73.6544345,-42.96136271
771,-73.65373439999999,-42.357631930000004
772,-73.64831149999999,-42.36649339
773,-73.6457583,-42.37173189
774,-73.64293669999999,-42.36336837
775,-73.6428638,-42.359395930000005
776,-73.635972,-42.73989
777,-73.6342603,-42.74274243
778,-73.6201827,-41.3984
779,-73.6196499,-42.96832654
780,-73.61782149999999,-43.09835255
781,-73.6174987,-43.09905105
782,-73.6171901,-43.100758250000005
783,-73.617122,-43.099406720000005
784,-73.6170435,-43.09962189
785,-73.6170427,-43.10075648
786,-73.617025,-43.1009994
787,-73.61695689999999,-43.099647870000005
788,-73.6169218,-43.10011569
789,-73.6167816,-43.100888420000004
790,-73.616776,-43.101140480000005
791,-73.6164666,-43.10178511
792,-73.6163407,-43.10191867
793,-73.6163407,-43.10191867
794,-73.6163407,-43.10191867
795,-73.61321939999999,-42.9685105
796,-73.61119889999999,-42.812833860000005
797,-73.6109479,-42.96862723
798,-73.61058009999999,-42.9686228
799,-73.6104361,-43.110897380000004
800,-73.6101759,-42.96859992
801,-73.60733959999999,-42.96874579
802,-73.60454469999999,-42.96595647
803,-73.60022719999999,-42.96489557
804,-73.59900719999999,-42.4326025
805,-73.5979715,-42.964318850000005
806,-73.59631159999999,-42.96342517
807,-73.59592239999999,-42.96328536
808,-73.5953964,-42.96322492
809,-73.5947497,-40.56499864
810,-73.5932457,-42.42868698
811,-73.58725899999999,-43.11006626
812,-73.5855431,-42.96025886
813,-73.58547499999999,-43.11013442
814,-73.5853406,-42.96053553
815,-73.5852903,-43.11015016
816,-73.58463839999999,-43.11016917
817,-73.5842971,-43.11003891
818,-73.584282,-43.11016479
819,-73.5840235,-43.110179620000004
820,-73.5840004,-43.1101163
821,-73.5837892,-43.11021276
822,-73.5834215,-43.110163220000004
823,-73.5832128,-43.11015165
824,-73.5830652,-43.110158840000004
825,-73.5830637,-43.11022185
826,-73.5829548,-43.11014847
827,-73.5829285,-43.11022019
828,-73.5829285,-43.11022019
829,-73.5827319,-43.11021777
830,-73.582684,-43.110163150000005
831,-73.58230239999999,-43.110185470000005
832,-73.5729039,-42.65804291
833,-73.57215939999999,-42.85469913
834,-73.57067389999999,-42.6648774
835,-73.5686006,-42.85881535
836,-73.56669409999999,-43.10846155
837,-73.56621949999999,-42.667010420000004
838,-73.5617934,-42.865205270000004
839,-73.5567734,-41.79582219
840,-73.5485812,-43.00183417
841,-73.5466221,-43.00846407
842,-73.5399066,-42.27877998
843,-73.5381934,-42.99066287
844,-73.5301198,-43.016079940000004
845,-73.52255389999999,-42.87547901
846,-73.521096,-42.66765628
847,-73.5153579,-42.93488258
848,-73.51076909999999,-42.6687571
849,-73.50230309999999,-42.857495650000004
850,-73.4939411,-42.1328322
851,-73.4687865,-43.111001550000005
852,-73.4682062,-42.13465515
853,-73.468188,-42.134424
854,-73.468088,-42.1345365
855,-73.46776779999999,-42.878428580000005
856,-73.4668916,-42.163736400000005
857,-73.46317599999999,-42.126143
858,-73.46151259999999,-42.88228942
859,-73.461388,-42.13234
860,-73.4251314,-42.91599874
861,-73.4225187,-42.1759812
862,-73.3680093,-42.307637310000004
863,-73.2270466,-40.344481290000004
864,-73.2144242,-40.344450300000005
865,-73.1557876,-40.55972624
866,-73.1300126,-41.74304996
867,-73.12983399999999,-41.743175
868,-73.1265444,-41.75566589
869,-73.1261071,-41.755811900000005
870,-73.12610699999999,-41.755812
871,-73.126088,-41.755682
872,-73.12599449999999,-41.75928658
873,-73.125936,-41.755494
874,-73.1259359,-41.755493900000005
875,-73.125737,-41.75878
876,-73.1229733,-41.75767939
877,-73.12225,-41.75732
878,-73.1217379,-41.75755122
879,-73.11939629999999,-41.75326204
880,-73.119334,-41.753259
881,-73.11770399999999,-41.753513000000005
882,-73.1175214,-41.75361877
883,-73.0968652,-40.5580367
884,-73.096728,-40.557863000000005
885,-73.03822299999999,-41.516882
886,-73.0375499,-41.51702558
887,-73.0344119,-41.51257693
888,-73.032348,-41.528943000000005
889,-73.01897029999999,-41.12793821
890,-72.988681,-41.494476
891,-72.98861,-41.494476
892,-72.987916,-41.497228
893,-72.987641,-41.497253
894,-72.98757789999999,-41.49735089
895,-72.98750899999999,-41.497118
896,-72.98673099999999,-41.496841
897,-72.9867309,-41.496840760000005
898,-72.986333,-41.494938000000005
899,-72.9862019,-41.49495814
900,-72.983949,-41.30285
901,-72.98318959999999,-41.32999867
902,-72.9760383,-41.479991430000005
903,-72.97599659999999,-41.48326917
904,-72.9754681,-41.47983733
905,-72.97309609999999,-41.31124073
906,-72.9717824,-41.475089170000004
907,-72.9682807,-41.3158939
908,-72.9682797,-41.3105167
909,-72.96826399999999,-41.485016
910,-72.9682636,-41.485015860000004
911,-72.9682067,-41.310560460000005
912,-72.9679383,-41.474292080000005
913,-72.967928,-41.482335
914,-72.96706049999999,-41.47440273
915,-72.96663129999999,-41.48126735
916,-72.9665943,-41.31131572
917,-72.9664044,-41.48124534
918,-72.96631199999999,-41.311554
919,-72.96577939999999,-41.474001900000005
920,-72.965695,-41.47440572
921,-72.964929,-41.324068000000004
922,-72.9644572,-41.4756899
923,-72.96293899999999,-31.476437999999998
924,-72.960022,-41.471269
925,-72.9580675,-41.4750998
926,-72.9576257,-41.46164486
927,-72.95746679999999,-41.47094606
928,-72.95691459999999,-41.47136862
929,-72.9567682,-41.470725
930,-72.9530743,-41.469319160000005
931,-72.953053,-41.470769000000004
932,-72.953019,-41.47108351
933,-72.9529651,-41.45827491
934,-72.95296499999999,-41.458275
935,-72.9529182,-41.47124385
936,-72.9528651,-41.47179232
937,-72.95271179999999,-41.4701864
938,-72.9524489,-41.459463670000005
939,-72.95220139999999,-41.46965496
940,-72.9520991,-41.47062588
941,-72.951436,-41.47076724
942,-72.9511474,-41.47118544
943,-72.9509709,-41.4661205
944,-72.95056079999999,-41.464302860000004
945,-72.9501719,-41.47250114
946,-72.950127,-41.47202299
947,-72.9500312,-41.471643
948,-72.9498737,-41.464065500000004
949,-72.9497707,-41.46391056
950,-72.949742,-41.46406317
951,-72.94900609999999,-41.4596548
952,-72.9489981,-41.47288561
953,-72.94623929999999,-41.466153580000004
954,-72.9460385,-41.46682552
955,-72.9434922,-41.457926560000004
956,-72.9430544,-41.45890051
957,-72.942967,-41.443398
958,-72.94281129999999,-41.45711284
959,-72.942776,-41.456338
960,-72.94275599999999,-41.455925
961,-72.942743,-41.458904000000004
962,-72.9425509,-41.45587427
963,-72.942511,-41.45599966
964,-72.9424057,-41.456304010000004
965,-72.9423508,-41.45690649
966,-72.94225279999999,-41.4569768
967,-72.94224229999999,-41.45921029
968,-72.942242,-41.45921
969,-72.94210729999999,-41.45779382
970,-72.942107,-41.4578
971,-72.9420574,-41.46736714
972,-72.941938,-41.465833860000004
973,-72.94165199999999,-41.45475943
974,-72.9415648,-41.457910250000005
975,-72.9415492,-41.45498277
976,-72.9414831,-41.45480146
977,-72.9408692,-41.459465040000005
978,-72.9400852,-41.454704490000005
979,-72.94004799999999,-41.443355000000004
980,-72.93973799999999,-41.45964302
981,-72.9394068,-41.45951102
982,-72.9380291,-41.45990977
983,-72.9355695,-41.45399342
984,-72.931491,-41.45309186
985,-72.93119899999999,-41.45399631
986,-72.93059749999999,-41.4593806
987,-72.92648949999999,-41.460531870000004
988,-72.9252327,-41.44881851
989,-72.9235023,-41.46108168
990,-72.92231729999999,-41.46369936
991,-72.9215194,-41.463937200000004
992,-72.9151083,-41.45618394
993,-72.91381659999999,-41.45538605
994,-72.91373809999999,-41.45597007
995,-72.9130959,-41.455832380000004
996,-72.9119789,-41.463810200000005
997,-72.9105948,-41.46290251
998,-72.90957039999999,-41.46273087
999,-72.90937799999999,-41.46275441
1000,-72.9080541,-41.45622756
1001,-72.9076376,-41.457643090000005
1002,-72.9071354,-41.455751580000005
1003,-72.9066218,-41.456084530000005
1004,-72.90603899999999,-41.45708273
1005,-72.90588129999999,-41.467608770000005
1006,-72.90133979999999,-41.47066971
1007,-72.9010387,-41.47109656
1008,-72.900398,-41.47165234
1009,-72.89877709999999,-41.46507497
1010,-72.8985299,-41.47313151
1011,-72.89822,-41.4738284
1012,-72.8980916,-41.47372698
1013,-72.8979672,-41.47386883
1014,-72.8979617,-41.474039860000005
1015,-72.8978271,-41.47412748
1016,-72.89233229999999,-41.4584457
1017,-72.8894,-41.474000000000004
1018,-72.8773263,-41.48762293
1019,-72.8762726,-41.488711380000005
1020,-72.875524,-41.489133
1021,-72.873165,-41.488482000000005
1022,-72.86565499999999,-41.48587672
1023,-72.80323899999999,-41.381671000000004
1024,-72.80290579999999,-41.48232234
1025,-72.80122499999999,-41.483867000000004
1026,-72.798778,-41.487846000000005
1027,-72.798576,-41.48816627
1028,-72.7978598,-41.48880109
1029,-72.71058939999999,-41.291252990000004
1030,-72.7088541,-41.29272274
1031,-72.6885336,-42.42466017
1032,-72.68340359999999,-41.3038431
1033,-72.673008,-42.422375
1034,-72.65979999999999,-42.915202
1035,-72.643614,-42.903782
1036,-72.6400558,-41.411991830000005
1037,-72.6381655,-41.99988014
1038,-72.6381069,-41.39404681
1039,-72.63796789999999,-41.413147030000005
1040,-72.63663299999999,-42.896262
1041,-72.6323596,-41.68212649
1042,-72.63210509999999,-41.38105341
1043,-72.6319319,-41.40700699
1044,-72.6310816,-41.380582090000004
1045,-72.6223583,-41.0720444
1046,-72.617875,-41.97762
1047,-72.6155823,-41.9785124
1048,-72.6066738,-41.957154890000005
1049,-72.6066738,-41.957154890000005
1050,-72.598079,-41.971736660000005
1051,-72.598079,-41.971736660000005
1052,-72.5869314,-41.125289460000005
1053,-72.56865289999999,-41.389218910000004
1054,-72.5652247,-41.38104975
1055,-72.5641081,-41.394346940000005
1056,-72.55828989999999,-41.390297190000005
1057,-72.4941941,-41.71558313
1058,-72.480429,-42.156109
1059,-72.4552454,-41.174353690000004
1060,-72.4551613,-41.174369850000005
1061,-72.4551553,-41.1742166
1062,-72.45465159999999,-41.17244018
1063,-72.45465159999999,-41.17244018
1064,-72.451966,-41.17036348
1065,-72.451966,-41.17036348
1066,-72.444859,-42.127246
1067,-72.440398,-41.106828
1068,-72.438739,-42.100190000000005
1069,-72.4366414,-43.20450401
1070,-72.4207014,-41.13912792
1071,-72.4205411,-41.13896222
1072,-72.41511729999999,-43.35295775
1073,-72.415117,-43.352958
1074,-72.41135419999999,-41.1362259
1075,-72.4112653,-41.13606178
1076,-72.41028,-42.986431
1077,-72.40271969999999,-41.133095950000005
1078,-72.39361699999999,-41.143073
1079,-72.39162359999999,-41.13318829
1080,-72.390767,-41.966804
1081,-72.390637,-41.12679824
1082,-72.3622211,-43.37331828
1083,-72.36222099999999,-43.373318000000005
1084,-72.357722,-43.400245000000005
1085,-72.3577219,-43.40024451
1086,-72.3227021,-43.38604372
1087,-72.2995373,-41.478046590000005
1088,-72.29642899999999,-43.396292
1089,-72.29642899999999,-43.396292
1090,-72.279743,-41.422212
1091,-72.24208,-40.652413010000004
1092,-72.05189759999999,-43.34416094
1093,-72.02044099999999,-40.673937
1094,-71.9110099,-43.20202194
1095,-71.784759,-43.606449000000005
1096,-72.4084,-43.297926860000004
1097,-72.66284698999999,-41.442231220000004
1098,-72.89840181,-41.473390370000004
1099,-72.94842269,-41.470992980000005
1100,-72.94971484,-41.463783480000004
1101,-72.966843,-41.311199
1102,-72.97438029999999,-41.47976422
1103,-72.97608487,-41.483513890000005
1104,-72.98884034999999,-41.49759804
1105,-72.98884034999999,-41.49759804
1106,-73.019584,-41.125337
1107,-73.54840069,-43.002732380000005
1108,-73.54842674999999,-43.00319196
1109,-73.54848398,-43.00231921
1110,-73.57284806999999,-42.65620512
1111,-73.57443395,-42.8510532
1112,-73.57458704,-43.10733483
1113,-73.57495055999999,-42.65443004
1114,-73.60784633,-42.412707680000004
1115,-73.61707846,-43.107402400000005
1116,-73.64495584,-42.371767510000005
1117,-73.74641684,-42.41572686
1118,-73.748458,-42.459481000000004
1119,-73.77998457,-42.736774530000005
1120,-73.79484542,-41.870905990000004
1121,-73.82084816,-41.927365890000004
1122,-73.91545683999999,-42.02634434
1123,-74.03008496,-41.976563580000004
1124,-73.765917,-42.455589
1125,-73.201246,-39.9604
1126,-73.19886,-39.391731
1127,-73.199259,-39.391106
1128,-72.22081899999999,-40.158873
1129,-72.221406,-40.154655000000005
1130,-72.22558599999999,-40.150747
1131,-73.418593,-39.876828
1132,-73.55412899999999,-39.919873
1133,-72.950902,-40.330942
1134,-73.082488,-39.798533
1135,-73.389732,-39.865162000000005
1136,-73.41707799999999,-39.862788
1137,-72.783458,-39.426570000000005
1138,-72.783434,-39.425789
1139,-72.782748,-39.425065000000004
1140,-72.781887,-39.423701
1141,-72.78056699999999,-39.422601
1142,-73.389506,-39.829599
1143,-73.383673,-39.863258
1144,-73.39067299999999,-39.828678000000004
1145,-72.318006,-40.113587
1146,-73.389314,-39.863053
1147,-73.354963,-39.853587000000005
1148,-73.33966099999999,-39.849613000000005
1149,-72.04263999999999,-39.575103
1150,-73.0094,-36.9028
1151,-73.1441,-37.089400000000005
1152,-73.1391,-37.0835
1153,-73.0059,-36.9185
1154,-73.006,-36.9177
1155,-73.0067,-36.9095
1156,-73.01129999999999,-36.9033
1157,-73.0321,-36.8283
1158,-73.0299,-36.8022
1159,-73.0272,-36.7979
1160,-73.0897,-36.7566
1161,-72.9802,-36.7331
1162,-73.1061,-36.6974
1163,-73.03099999999999,-36.8237
1164,-73.1441,-37.089400000000005
1165,-73.1391,-37.0835
1166,-73.0059,-36.9185
1167,-73.006,-36.9177
1168,-73.0067,-36.9095
1169,-73.01129999999999,-36.9033
1170,-73.0321,-36.8283
1171,-73.0299,-36.8022
1172,-73.0272,-36.7979
1173,-73.0897,-36.7566
1174,-72.9802,-36.7331
1175,-73.1061,-36.6974
1176,-73.03099999999999,-36.8237
1177,-73.6467,-37.6032
1178,-73.6467,-37.6032
1179,-73.6467,-37.6032
1180,-73.6467,-37.6032
1181,-73.4397,-37.275
1182,-73.4397,-37.275
1183,-73.4397,-37.275
1184,-73.4397,-37.275
1185,-72.94749999999999,-37.2043
1186,-72.94749999999999,-37.2043
1187,-72.94749999999999,-37.2043
1188,-72.94749999999999,-37.2043
1189,-73.17259999999999,-37.155
1190,-73.17259999999999,-37.155
1191,-73.17259999999999,-37.155
1192,-73.17259999999999,-37.155
1193,-73.13749999999999,-37.080000000000005
1194,-73.13749999999999,-37.080000000000005
1195,-73.13749999999999,-37.080000000000005
1196,-73.13749999999999,-37.080000000000005
1197,-72.9609,-36.9596
1198,-72.9609,-36.9596
1199,-72.9609,-36.9596
1200,-72.9609,-36.9596
1201,-72.99969999999999,-36.9309
1202,-72.99969999999999,-36.9309
1203,-72.99969999999999,-36.9309
1204,-72.99969999999999,-36.9309
1205,-73.6467,-37.6032
1206,-73.6467,-37.6032
1207,-73.6467,-37.6032
1208,-73.6467,-37.6032
1209,-73.4397,-37.275
1210,-73.4397,-37.275
1211,-73.4397,-37.275
1212,-73.4397,-37.275
1213,-72.94749999999999,-37.2043
1214,-72.94749999999999,-37.2043
1215,-72.94749999999999,-37.2043
1216,-72.94749999999999,-37.2043
1217,-73.17259999999999,-37.155
1218,-73.17259999999999,-37.155
1219,-73.17259999999999,-37.155
1220,-73.17259999999999,-37.155
1221,-73.13749999999999,-37.080000000000005
1222,-73.13749999999999,-37.080000000000005
1223,-73.13749999999999,-37.080000000000005
1224,-73.13749999999999,-37.080000000000005
1225,-72.9609,-36.9596
1226,-72.9609,-36.9596
1227,-72.9609,-36.9596
1228,-72.9609,-36.9596
1229,-72.99969999999999,-36.9309
1230,-72.99969999999999,-36.9309
1231,-72.99969999999999,-36.9309
1232,-72.99969999999999,-36.9309
1233,-73.0312,-36.8288
1234,-72.9965,-36.732
1235,-73.0312,-36.8288
1236,-72.9965,-36.732
1237,-73.003,-36.9147
1238,-73.0067,-36.9095
1239,-72.96809999999999,-36.583200000000005
1240,-73.003,-36.9147
1241,-73.0067,-36.9095
1242,-72.96809999999999,-36.583200000000005
1243,-73.0932,-36.7443
1244,-73.0932,-36.7443
1245,-73.0932,-36.7443
1246,-73.0932,-36.7443
