,Longitud,Latitud
0,-73.7855,-42.4686
1,-73.7855,-42.4686
2,-72.6983,-42.4087
3,-73.7889,-40.7083
4,-73.6047,-40.575
5,-72.6482,-42.0099
6,-73.136,-41.7693
7,-73.1317,-41.7676
8,-73.1275,-41.7636
9,-73.1365,-41.7657
10,-72.978264,-41.495016
11,-72.962965,-41.468275
12,-72.952511,-41.466
13,-72.9516,-41.4679
14,-72.323,-43.3966
15,-72.8086,-41.4982
16,-73.029,-41.1379
17,-73.7177,-40.5453
18,-73.7177,-40.5453
19,-73.7447,-40.6048
20,-73.7447,-40.6048
21,-73.9255,-42.0363
22,-72.9766,-41.3213
23,-72.4016,-41.1432
24,-72.9522,-41.4692
25,-72.8129,-41.4923
26,-72.9988,-41.5076
27,-73.0444,-41.5226
28,-72.963,-41.4811
29,-72.9521,-41.4678
30,-73.14,-41.753
31,-73.1294,-41.7633
32,-73.1359,-41.7655
33,-73.1361,-41.7658
34,-73.133,-41.7677
35,-73.0475,-41.527
36,-73.5039,-42.1428
37,-73.7358,-40.592
38,-73.8351,-41.395
39,-73.8351,-41.395
40,-72.8994,-41.484
41,-74.2937289,-43.3225986
42,-74.1314642,-43.35946243
43,-74.1280648,-42.70960244
44,-74.1221986,-42.59022502
45,-74.1168933,-42.65260205
46,-74.078693,-42.64363784
47,-74.0363473,-42.66138156
48,-74.0129503,-42.66485658
49,-74.0122174,-42.6649043
50,-74.0037725,-42.66572271
51,-73.9971545,-42.66825854
52,-73.8812419,-42.66597831
53,-73.8350706,-41.39498188
54,-73.8350488,-41.39352246
55,-73.8350488,-41.39352246
56,-73.8309446,-41.93736687
57,-73.8309336,-41.93731272
58,-73.8309209,-41.93734862
59,-73.8308852,-41.93732124
60,-73.8286498,-41.93291225
61,-73.827809,-41.93272354
62,-73.8262673,-41.86348291
63,-73.8253489,-42.86547171
64,-73.8211992,-41.95890995
65,-73.8097417,-42.57664326
66,-73.7889271,-42.74021647
67,-73.7888791,-40.7083028
68,-73.7888,-40.7086
69,-73.7876817,-42.7138356
70,-73.7874322,-42.76363249
71,-73.7873652,-42.76894491
72,-73.7855165,-42.46860021
73,-73.782025,-42.472994
74,-73.7819256,-42.47311901
75,-73.779232,-42.46648
76,-73.7791081,-42.4666139
77,-73.77599,-42.465358
78,-73.7759169,-42.46558922
79,-73.7739153,-42.46967444
80,-73.773733,-42.468042
81,-73.7726551,-42.48187273
82,-73.772576,-42.481575
83,-73.7627643,-42.47319292
84,-73.7619518,-42.64680315
85,-73.76104,-42.47673155
86,-73.7605093,-42.48081441
87,-73.760509,-42.480814
88,-73.7603146,-42.4814337
89,-73.760202,-7.080473333
90,-73.7509073,-42.85086076
91,-73.744713,-40.60475628
92,-73.738506,-40.589171
93,-73.7357922,-40.59204703
94,-73.735792,-40.592047
95,-73.7306714,-40.59537807
96,-73.7299576,-40.59500088
97,-73.729266,-40.9584585
98,-73.717743,-40.545256
99,-73.7177425,-40.54525576
100,-73.7167227,-40.55042438
101,-73.7167227,-40.55042438
102,-73.715631,-40.54065
103,-73.715186,-40.523949
104,-73.7136055,-43.08491027
105,-73.7086083,-42.27983399
106,-73.702974,-42.26007423
107,-73.7012559,-42.90740063
108,-73.697777,-42.88353366
109,-73.6644345,-42.97136271
110,-73.6637344,-42.36763193
111,-73.6583115,-42.37649339
112,-73.6557583,-42.38173189
113,-73.6529367,-42.37336837
114,-73.6528638,-42.36939593
115,-73.645972,-42.74989
116,-73.6442603,-42.75274243
117,-73.6301827,-0.008027995
118,-73.6296499,-42.97832654
119,-73.6278215,-43.10835255
120,-73.6274987,-43.10905105
121,-73.6271901,-43.11075825
122,-73.627122,-43.10940672
123,-73.6270435,-43.10962189
124,-73.6270427,-43.11075648
125,-73.627025,-43.1109994
126,-73.6269569,-43.10964787
127,-73.6269218,-43.11011569
128,-73.6267816,-43.11088842
129,-73.626776,-43.11114048
130,-73.6264666,-43.11178511
131,-73.6263407,-43.11191867
132,-73.6232194,-42.9785105
133,-73.6211989,-42.82283386
134,-73.6209479,-42.97862723
135,-73.6205801,-42.9786228
136,-73.6204361,-43.12089738
137,-73.6201759,-42.97859992
138,-73.6173396,-42.97874579
139,-73.6145447,-42.97595647
140,-73.6102272,-42.97489557
141,-73.6090072,-42.4426025
142,-73.6079715,-42.97431885
143,-73.6063116,-42.97342517
144,-73.6059224,-42.97328536
145,-73.6053964,-42.97322492
146,-73.6047497,-40.57499864
147,-73.6032457,-42.43868698
148,-73.597259,-43.12006626
149,-73.5955431,-42.97025886
150,-73.595475,-43.12013442
151,-73.5953406,-42.97053553
152,-73.5952903,-43.12015016
153,-73.5946384,-43.12016917
154,-73.5942971,-43.12003891
155,-73.594282,-43.12016479
156,-73.5940235,-43.12017962
157,-73.5940004,-43.1201163
158,-73.5937892,-43.12021276
159,-73.5934215,-43.12016322
160,-73.5932128,-43.12015165
161,-73.5930652,-43.12015884
162,-73.5930637,-43.12022185
163,-73.5929548,-43.12014847
164,-73.5929285,-43.12022019
165,-73.5927319,-43.12021777
166,-73.592684,-43.12016315
167,-73.5923024,-43.12018547
168,-73.5829039,-42.66804291
169,-73.5821594,-42.86469913
170,-73.5806739,-42.6748774
171,-73.5786006,-42.86881535
172,-73.5766941,-43.11846155
173,-73.5762195,-42.67701042
174,-73.5717934,-42.87520527
175,-73.5667734,-41.80582219
176,-73.5585812,-43.01183417
177,-73.5566221,-43.01846407
178,-73.5499066,-42.28877998
179,-73.5481934,-43.00066287
180,-73.5401198,-43.02607994
181,-73.5325539,-42.88547901
182,-73.531096,-42.67765628
183,-73.5253579,-42.94488258
184,-73.5207691,-42.6787571
185,-73.5123031,-42.86749565
186,-73.5039411,-42.1428322
187,-73.4787865,-43.12100155
188,-73.4782062,-42.14465515
189,-73.478188,-42.144424
190,-73.478088,-42.1445365
191,-73.4777678,-42.88842858
192,-73.4768916,-42.1737364
193,-73.473176,-42.136143
194,-73.4715126,-42.89228942
195,-73.471388,-42.14234
196,-73.4351314,-42.92599874
197,-73.4325187,-42.1859812
198,-73.3780093,-42.31763731
199,-73.2370466,-40.35448129
200,-73.2244242,-40.3544503
201,-73.1657876,-40.56972624
202,-73.1400126,-41.75304996
203,-73.139834,-41.753175
204,-73.1365444,-41.76566589
205,-73.1361071,-41.7658119
206,-73.136107,-41.765812
207,-73.136088,-41.765682
208,-73.1359945,-41.76928658
209,-73.135936,-41.765494
210,-73.1359359,-41.7654939
211,-73.135737,-41.76878
212,-73.1329733,-41.76767939
213,-73.13225,-41.76732
214,-73.1317379,-41.76755122
215,-73.1293963,-41.76326204
216,-73.129334,-41.763259
217,-73.127704,-41.763513
218,-73.1275214,-41.76361877
219,-73.1068652,-40.5680367
220,-73.106728,-40.567863
221,-73.048223,-41.526882
222,-73.0475499,-41.52702558
223,-73.0444119,-41.52257693
224,-73.042348,-41.538943
225,-73.0289703,-41.13793821
226,-72.998681,-41.504476
227,-72.99861,-41.504476
228,-72.997916,-41.507228
229,-72.997641,-41.507253
230,-72.9975779,-41.50735089
231,-72.997509,-41.507118
232,-72.996731,-41.506841
233,-72.9967309,-41.50684076
234,-72.996333,-41.504938
235,-72.9962019,-41.50495814
236,-72.993949,-41.31285
237,-72.9931896,-41.33999867
238,-72.9830961,-41.32124073
239,-72.9782807,-41.3258939
240,-72.9782797,-41.3205167
241,-72.9782636,-41.49501586
242,-72.9782067,-41.32056046
243,-72.977928,-41.492335
244,-72.9766313,-41.49126735
245,-72.9765943,-41.32131572
246,-72.9764044,-41.49124534
247,-72.976312,-41.321554
248,-72.975695,-41.48440572
249,-72.974929,-41.334068
250,-72.972939,-31.486438
251,-72.970022,-41.481269
252,-72.9676257,-41.47164486
253,-72.9667682,-41.480725
254,-72.9630743,-41.47931916
255,-72.963019,-41.48108351
256,-72.9629651,-41.46827491
257,-72.9624489,-41.46946367
258,-72.9622014,-41.47965496
259,-72.9620991,-41.48062588
260,-72.9605608,-41.47430286
261,-72.9562393,-41.47615358
262,-72.9560385,-41.47682552
263,-72.952967,-41.453398
264,-72.9528113,-41.46711284
265,-72.952776,-41.466338
266,-72.952756,-41.465925
267,-72.952743,-41.468904
268,-72.9525509,-41.46587427
269,-72.952511,-41.46599966
270,-72.9522423,-41.46921029
271,-72.952242,-41.46921
272,-72.9521073,-41.46779382
273,-72.952107,-41.4678
274,-72.9520574,-41.47736714
275,-72.9515648,-41.46791025
276,-72.9514831,-41.46480146
277,-72.9508692,-41.46946504
278,-72.950048,-41.453355
279,-72.949738,-41.46964302
280,-72.9480291,-41.46990977
281,-72.941491,-41.46309186
282,-72.9405975,-41.4693806
283,-72.9364895,-41.47053187
284,-72.9352327,-41.45881851
285,-72.9238166,-41.46538605
286,-72.9237381,-41.46597007
287,-72.9230959,-41.46583238
288,-72.9205948,-41.47290251
289,-72.919378,-41.47275441
290,-72.9176376,-41.46764309
291,-72.910398,-41.48165234
292,-72.9085299,-41.48313151
293,-72.9079672,-41.48386883
294,-72.9079617,-41.48403986
295,-72.9078271,-41.48412748
296,-72.8873263,-41.49762293
297,-72.8862726,-41.49871138
298,-72.885524,-41.499133
299,-72.883165,-41.498482
300,-72.875655,-41.49587672
301,-72.813239,-41.391671
302,-72.8129058,-41.49232234
303,-72.811225,-41.493867
304,-72.808778,-41.497846
305,-72.808576,-41.49816627
306,-72.8078598,-41.49880109
307,-72.7205894,-41.30125299
308,-72.7188541,-41.30272274
309,-72.6985336,-42.43466017
310,-72.6934036,-41.3138431
311,-72.683008,-42.432375
312,-72.6698,-42.925202
313,-72.653614,-42.913782
314,-72.6500558,-41.42199183
315,-72.6481655,-42.00988014
316,-72.6481069,-41.40404681
317,-72.6479679,-41.42314703
318,-72.646633,-42.906262
319,-72.6423596,-41.69212649
320,-72.6421051,-41.39105341
321,-72.6419319,-41.41700699
322,-72.6410816,-41.39058209
323,-72.6323583,-41.0820444
324,-72.627875,-41.98762
325,-72.6255823,-41.9885124
326,-72.6166738,-41.96715489
327,-72.6166738,-41.96715489
328,-72.608079,-41.98173666
329,-72.608079,-41.98173666
330,-72.5969314,-41.13528946
331,-72.5786529,-41.39921891
332,-72.5752247,-41.39104975
333,-72.5741081,-41.40434694
334,-72.5682899,-41.40029719
335,-72.5041941,-41.72558313
336,-72.490429,-42.166109
337,-72.4652454,-41.18435369
338,-72.4651613,-41.18436985
339,-72.4651553,-41.1842166
340,-72.4646516,-41.18244018
341,-72.4646516,-41.18244018
342,-72.461966,-41.18036348
343,-72.461966,-41.18036348
344,-72.454859,-42.137246
345,-72.450398,-41.116828
346,-72.448739,-42.11019
347,-72.4466414,-43.21450401
348,-72.4307014,-41.14912792
349,-72.4305411,-41.14896222
350,-72.4251173,-43.36295775
351,-72.425117,-43.362958
352,-72.4213542,-41.1462259
353,-72.4212653,-41.14606178
354,-72.42028,-42.996431
355,-72.4127197,-41.14309595
356,-72.403617,-41.153073
357,-72.4016236,-41.14318829
358,-72.400767,-41.976804
359,-72.400637,-41.13679824
360,-72.3722211,-43.38331828
361,-72.372221,-43.383318
362,-72.367722,-43.410245
363,-72.3677219,-43.41024451
364,-72.3327021,-43.39604372
365,-72.3095373,-41.48804659
366,-72.306429,-43.406292
367,-72.306429,-43.406292
368,-72.289743,-41.432212
369,-72.25208,-40.66241301
370,-72.0618976,-43.35416094
371,-72.030441,-40.683937
372,-71.9210099,-43.21202194
373,-71.794759,-43.616449
374,-1.366384906,-43.30792686
375,-72.67284699,-41.45223122
376,-72.90840181,-41.48339037
377,-72.95842269,-41.48099298
378,-72.976843,-41.321199
379,-72.99884035,-41.50759804
380,-73.029584,-41.135337
381,-73.55840069,-43.01273238
382,-73.55842675,-43.01319196
383,-73.55848398,-43.01231921
384,-73.58284807,-42.66620512
385,-73.58443395,-42.8610532
386,-73.58458704,-43.11733483
387,-73.58495056,-42.66443004
388,-73.61784633,-42.42270768
389,-73.62707846,-43.1174024
390,-73.65495584,-42.38176751
391,-73.75641684,-42.42572686
392,-73.758458,-42.469481
393,-73.78998457,-42.74677453
394,-73.80484542,-41.88090599
395,-73.83084816,-41.93736589
396,-73.92545684,-42.03634434
397,-74.04008496,-41.98656358
398,-73.775917,-42.465589
399,-72.4135,-41.3659
400,-72.322984,-43.396627
401,-73.02897,-41.137938
402,-72.436558,-41.366184
403,-72.99319,-41.339999
404,-73.106865,-40.568037
405,-73.478088,-42.144537
406,-73.760202,-42.48284
407,-73.6301827,-41.4084
408,-72.4184,-43.30792686
409,-73.1541,-37.0994
410,-73.1491,-37.0935
411,-73.0159,-36.9285
412,-73.016,-36.9277
413,-73.0167,-36.9195
414,-73.0421,-36.8383
415,-73.0399,-36.8122
416,-73.0372,-36.8079
417,-73.0997,-36.7666
418,-73.1161,-36.7074
419,-73.041,-36.8337
420,-73.6567,-37.6132
421,-73.6567,-37.6132
422,-73.6567,-37.6132
423,-73.6567,-37.6132
424,-73.4497,-37.285
425,-73.4497,-37.285
426,-73.4497,-37.285
427,-73.4497,-37.285
428,-72.9575,-37.2143
429,-72.9575,-37.2143
430,-72.9575,-37.2143
431,-72.9575,-37.2143
432,-73.1826,-37.165
433,-73.1826,-37.165
434,-73.1826,-37.165
435,-73.1826,-37.165
436,-73.1475,-37.09
437,-73.1475,-37.09
438,-73.1475,-37.09
439,-73.1475,-37.09
440,-72.9709,-36.9696
441,-72.9709,-36.9696
442,-72.9709,-36.9696
443,-72.9709,-36.9696
444,-73.0097,-36.9409
445,-73.0097,-36.9409
446,-73.0097,-36.9409
447,-73.0097,-36.9409
448,-73.0412,-36.8388
449,-73.0065,-36.742
450,-73.0412,-36.8388
451,-73.0065,-36.742
452,-73.013,-36.9247
453,-73.0167,-36.9195
454,-72.9781,-36.5932
455,-73.013,-36.9247
456,-73.0167,-36.9195
457,-72.9781,-36.5932
