,Unnamed: 0,Longitud,Latitud,Tex_Class.0-5cm.tif,Tex_Class.100-200cm.tif,Tex_Class.15-30cm.tif,Tex_Class.30-60cm.tif,Tex_Class.5-15cm.tif,Tex_Class.60-100cm.tif
0,0,-73.7755,-42.4586,3.0,7.0,3.0,8.0,8.0,8.0
1,1,-73.7755,-42.4586,3.0,7.0,3.0,8.0,8.0,8.0
2,2,-72.6883,-42.398700000000005,8.0,8.0,8.0,8.0,8.0,8.0
3,3,-73.7789,-40.6983,3.0,3.0,2.0,2.0,2.0,2.0
4,4,-73.59469999999999,-40.565000000000005,8.0,8.0,6.0,6.0,7.0,6.0
5,5,-72.6382,-41.9999,8.0,8.0,8.0,8.0,8.0,8.0
6,6,-73.12599999999999,-41.7593,7.0,7.0,8.0,8.0,8.0,8.0
7,7,-73.12169999999999,-41.7576,,,8.0,8.0,,8.0
8,8,-73.11749999999999,-41.7536,8.0,8.0,8.0,8.0,8.0,8.0
9,9,-73.1265,-41.7557,7.0,7.0,8.0,8.0,8.0,8.0
10,10,-72.96826399999999,-41.485016,,,,,,
11,11,-72.96826399999999,-41.485016,,,,,,
12,12,-72.95296499999999,-41.458275,,,,,,
13,13,-72.942511,-41.456,,,,,,
14,14,-72.9416,-41.4579,,,,,,
15,15,-72.31299999999999,-43.3866,8.0,8.0,8.0,8.0,8.0,8.0
16,16,-72.7986,-41.4882,8.0,8.0,8.0,8.0,8.0,8.0
17,17,-73.01899999999999,-41.1279,,,,,,
18,18,-73.70769999999999,-40.5353,3.0,3.0,2.0,2.0,1.0,2.0
19,19,-73.70769999999999,-40.5353,3.0,3.0,2.0,2.0,1.0,2.0
20,20,-73.73469999999999,-40.5948,8.0,8.0,7.0,7.0,6.0,7.0
21,21,-73.73469999999999,-40.5948,8.0,8.0,7.0,7.0,6.0,7.0
22,22,-73.9155,-42.0263,8.0,8.0,8.0,8.0,8.0,8.0
23,23,-72.9666,-41.3113,,,,,,
24,24,-72.3916,-41.1332,,,,,,
25,25,-72.9422,-41.4592,,,,,,
26,26,-72.8029,-41.4823,8.0,4.0,8.0,8.0,4.0,4.0
27,27,-72.9888,-41.4976,,,,,,
28,28,-72.9888,-41.4976,,,,,,
29,29,-73.03439999999999,-41.5126,7.0,7.0,3.0,8.0,8.0,8.0
30,30,-72.95299999999999,-41.4711,,,,,,
31,31,-72.95299999999999,-41.4711,,,,,,
32,32,-72.9421,-41.4578,,,,,,
33,33,-72.9421,-41.4578,,,,,,
34,34,-73.13,-41.743,8.0,7.0,8.0,8.0,8.0,8.0
35,35,-73.1194,-41.7533,8.0,8.0,8.0,8.0,8.0,4.0
36,36,-73.1259,-41.755500000000005,7.0,7.0,8.0,8.0,8.0,8.0
37,37,-73.1261,-41.7558,7.0,7.0,8.0,8.0,8.0,8.0
38,38,-73.12299999999999,-41.7577,,,8.0,8.0,,8.0
39,39,-73.0375,-41.517,7.0,7.0,3.0,8.0,8.0,8.0
40,40,-73.0375,-41.517,7.0,7.0,3.0,8.0,8.0,8.0
41,41,-73.4939,-42.1328,8.0,8.0,8.0,8.0,8.0,8.0
42,42,-73.72579999999999,-40.582,11.0,12.0,2.0,2.0,1.0,2.0
43,43,-73.82509999999999,-41.385000000000005,7.0,7.0,8.0,8.0,8.0,8.0
44,44,-73.82509999999999,-41.385000000000005,7.0,7.0,8.0,8.0,8.0,8.0
45,45,-72.8894,-41.474,3.0,8.0,3.0,8.0,8.0,8.0
46,46,-74.2837289,-43.3125986,8.0,8.0,8.0,8.0,8.0,8.0
47,47,-74.12146419999999,-43.34946243,7.0,7.0,8.0,8.0,8.0,8.0
48,48,-74.1180648,-42.69960244,8.0,8.0,8.0,8.0,8.0,8.0
49,49,-74.1121986,-42.58022502,8.0,8.0,8.0,8.0,8.0,8.0
50,50,-74.1068933,-42.64260205,8.0,8.0,8.0,8.0,8.0,8.0
51,51,-74.068693,-42.63363784,,,,,,
52,52,-74.0263473,-42.65138156,,,,,,
53,53,-74.0029503,-42.65485658,8.0,8.0,8.0,8.0,8.0,8.0
54,54,-74.00221739999999,-42.654904300000005,8.0,8.0,8.0,8.0,8.0,8.0
55,55,-73.99377249999999,-42.65572271,8.0,8.0,8.0,8.0,8.0,8.0
56,56,-73.98715449999999,-42.65825854,8.0,8.0,8.0,8.0,8.0,8.0
57,57,-73.9155,-42.0263,8.0,8.0,8.0,8.0,8.0,8.0
58,58,-73.8712419,-42.65597831,8.0,8.0,8.0,8.0,8.0,8.0
59,59,-73.82509999999999,-41.385000000000005,7.0,7.0,8.0,8.0,8.0,8.0
60,60,-73.82509999999999,-41.385000000000005,7.0,7.0,8.0,8.0,8.0,8.0
61,61,-73.82507059999999,-41.384981880000005,7.0,7.0,8.0,8.0,8.0,8.0
62,62,-73.82504879999999,-41.38352246,7.0,7.0,8.0,8.0,8.0,8.0
63,63,-73.82504879999999,-41.38352246,7.0,7.0,8.0,8.0,8.0,8.0
64,64,-73.82094459999999,-41.92736687,3.0,3.0,7.0,7.0,7.0,7.0
65,65,-73.82093359999999,-41.92731272,3.0,3.0,7.0,7.0,7.0,7.0
66,66,-73.82092089999999,-41.92734862,3.0,3.0,7.0,7.0,7.0,7.0
67,67,-73.82088519999999,-41.927321240000005,3.0,3.0,7.0,7.0,7.0,7.0
68,68,-73.81864979999999,-41.92291225,7.0,7.0,7.0,7.0,7.0,7.0
69,69,-73.817809,-41.92272354,8.0,8.0,7.0,7.0,6.0,7.0
70,70,-73.81626729999999,-41.85348291,,,8.0,8.0,,8.0
71,71,-73.81534889999999,-42.85547171,8.0,8.0,8.0,8.0,8.0,8.0
72,72,-73.81119919999999,-41.94890995,3.0,3.0,7.0,7.0,6.0,7.0
73,73,-73.7997417,-42.56664326,3.0,7.0,3.0,8.0,8.0,8.0
74,74,-73.77892709999999,-42.73021647,8.0,7.0,8.0,8.0,8.0,8.0
75,75,-73.7788791,-40.6983028,3.0,3.0,2.0,2.0,2.0,2.0
76,76,-73.77879999999999,-40.6986,3.0,3.0,2.0,2.0,2.0,2.0
77,77,-73.77768169999999,-42.703835600000005,8.0,8.0,8.0,8.0,4.0,8.0
78,78,-73.77743219999999,-42.75363249,8.0,4.0,8.0,8.0,4.0,4.0
79,79,-73.77736519999999,-42.75894491,8.0,4.0,8.0,4.0,4.0,4.0
80,80,-73.7755165,-42.45860021,3.0,7.0,3.0,8.0,8.0,8.0
81,81,-73.772025,-42.462994,3.0,7.0,3.0,3.0,8.0,8.0
82,82,-73.77192559999999,-42.46311901,3.0,7.0,3.0,3.0,8.0,8.0
83,83,-73.76923199999999,-42.45648,7.0,7.0,3.0,8.0,8.0,8.0
84,84,-73.7691081,-42.4566139,7.0,7.0,3.0,8.0,8.0,8.0
85,85,-73.76598999999999,-42.455358,7.0,7.0,3.0,3.0,8.0,8.0
86,86,-73.7659169,-42.45558922,7.0,7.0,3.0,3.0,8.0,8.0
87,87,-73.7639153,-42.45967444,7.0,7.0,3.0,8.0,8.0,8.0
88,88,-73.76373299999999,-42.458042,7.0,7.0,3.0,8.0,8.0,8.0
89,89,-73.76265509999999,-42.47187273,7.0,7.0,3.0,3.0,8.0,8.0
90,90,-73.762576,-42.471575,7.0,7.0,3.0,3.0,8.0,8.0
91,91,-73.7527643,-42.46319292,3.0,3.0,3.0,3.0,3.0,3.0
92,92,-73.7519518,-42.63680315,7.0,7.0,3.0,3.0,3.0,3.0
93,93,-73.75103999999999,-42.46673155,3.0,2.0,11.0,11.0,3.0,11.0
94,94,-73.75050929999999,-42.47081441,3.0,2.0,11.0,11.0,3.0,11.0
95,95,-73.750509,-42.470814,3.0,2.0,11.0,11.0,3.0,11.0
96,96,-73.7503146,-42.4714337,3.0,3.0,3.0,3.0,3.0,3.0
97,98,-73.74090729999999,-42.840860760000005,8.0,8.0,8.0,8.0,8.0,8.0
98,99,-73.734713,-40.59475628,8.0,8.0,7.0,7.0,6.0,7.0
99,100,-73.73469999999999,-40.5948,8.0,8.0,7.0,7.0,6.0,7.0
100,101,-73.73469999999999,-40.5948,8.0,8.0,7.0,7.0,6.0,7.0
101,102,-73.728506,-40.579171,11.0,12.0,2.0,2.0,2.0,2.0
102,103,-73.72579999999999,-40.582,11.0,12.0,2.0,2.0,1.0,2.0
103,104,-73.7257922,-40.582047030000005,11.0,12.0,2.0,2.0,1.0,2.0
104,105,-73.725792,-40.582047,11.0,12.0,2.0,2.0,1.0,2.0
105,106,-73.7206714,-40.58537807,11.0,12.0,2.0,2.0,1.0,2.0
106,107,-73.7199576,-40.58500088,11.0,12.0,2.0,2.0,1.0,2.0
107,108,-73.71926599999999,-40.9484585,8.0,8.0,8.0,8.0,7.0,8.0
108,109,-73.707743,-40.535256,3.0,3.0,2.0,2.0,1.0,2.0
109,110,-73.7077425,-40.535255760000005,3.0,3.0,2.0,2.0,1.0,2.0
110,111,-73.7067227,-40.540424380000005,11.0,12.0,3.0,3.0,2.0,2.0
111,112,-73.7067227,-40.540424380000005,11.0,12.0,3.0,3.0,2.0,2.0
112,113,-73.705631,-40.53065,3.0,3.0,3.0,3.0,2.0,3.0
113,114,-73.705186,-40.513949,3.0,3.0,2.0,2.0,1.0,2.0
114,115,-73.7036055,-43.07491027,8.0,8.0,8.0,8.0,8.0,8.0
115,116,-73.69860829999999,-42.26983399,3.0,8.0,3.0,3.0,8.0,8.0
116,117,-73.69297399999999,-42.25007423,8.0,8.0,8.0,8.0,8.0,8.0
117,118,-73.6912559,-42.89740063,8.0,8.0,8.0,8.0,8.0,8.0
118,119,-73.687777,-42.87353366,8.0,8.0,8.0,8.0,8.0,8.0
119,120,-73.6544345,-42.96136271,8.0,8.0,8.0,8.0,8.0,8.0
120,121,-73.65373439999999,-42.35763193,7.0,,8.0,8.0,8.0,8.0
121,122,-73.64831149999999,-42.36649339,7.0,7.0,8.0,8.0,8.0,8.0
122,123,-73.6457583,-42.37173189,7.0,7.0,8.0,8.0,8.0,8.0
123,124,-73.64293669999999,-42.36336837,7.0,7.0,8.0,8.0,8.0,8.0
124,125,-73.6428638,-42.359395930000005,7.0,7.0,8.0,8.0,8.0,8.0
125,126,-73.635972,-42.73989,7.0,7.0,8.0,8.0,8.0,8.0
126,127,-73.6342603,-42.74274243,7.0,7.0,8.0,8.0,8.0,8.0
127,129,-73.6196499,-42.96832654,8.0,8.0,8.0,8.0,8.0,8.0
128,130,-73.61782149999999,-43.09835255,8.0,8.0,8.0,8.0,8.0,8.0
129,131,-73.6174987,-43.09905105,8.0,8.0,8.0,8.0,8.0,8.0
130,132,-73.6171901,-43.100758250000005,8.0,8.0,8.0,8.0,8.0,4.0
131,133,-73.617122,-43.099406720000005,8.0,8.0,8.0,8.0,8.0,8.0
132,134,-73.6170435,-43.09962189,8.0,8.0,8.0,8.0,8.0,8.0
133,135,-73.6170427,-43.10075648,8.0,8.0,8.0,8.0,8.0,4.0
134,136,-73.617025,-43.1009994,8.0,4.0,8.0,8.0,4.0,4.0
135,137,-73.61695689999999,-43.099647870000005,8.0,8.0,8.0,8.0,8.0,8.0
136,138,-73.6169218,-43.10011569,8.0,8.0,8.0,8.0,8.0,4.0
137,139,-73.6167816,-43.10088842,8.0,4.0,8.0,8.0,4.0,4.0
138,140,-73.616776,-43.101140480000005,8.0,4.0,8.0,8.0,4.0,4.0
139,141,-73.6164666,-43.10178511,8.0,4.0,8.0,8.0,4.0,4.0
140,142,-73.6163407,-43.10191867,8.0,8.0,8.0,8.0,4.0,4.0
141,143,-73.6163407,-43.10191867,8.0,8.0,8.0,8.0,4.0,4.0
142,144,-73.6163407,-43.10191867,8.0,8.0,8.0,8.0,4.0,4.0
143,145,-73.61321939999999,-42.9685105,8.0,8.0,8.0,8.0,8.0,8.0
144,146,-73.61119889999999,-42.812833860000005,8.0,8.0,8.0,8.0,8.0,8.0
145,147,-73.6109479,-42.96862723,8.0,8.0,8.0,8.0,8.0,8.0
146,148,-73.61058009999999,-42.9686228,8.0,8.0,8.0,8.0,8.0,8.0
147,149,-73.6104361,-43.11089738,8.0,8.0,8.0,8.0,8.0,8.0
148,150,-73.6101759,-42.96859992,8.0,8.0,8.0,8.0,4.0,8.0
149,151,-73.60733959999999,-42.96874579,8.0,8.0,8.0,8.0,8.0,8.0
150,152,-73.60454469999999,-42.96595647,8.0,8.0,8.0,8.0,8.0,8.0
151,153,-73.60022719999999,-42.96489557,7.0,7.0,8.0,8.0,8.0,8.0
152,154,-73.59900719999999,-42.4326025,7.0,7.0,8.0,8.0,8.0,8.0
153,155,-73.5979715,-42.964318850000005,8.0,8.0,8.0,8.0,8.0,8.0
154,156,-73.59631159999999,-42.96342517,8.0,8.0,8.0,8.0,8.0,8.0
155,157,-73.59592239999999,-42.96328536,8.0,8.0,8.0,8.0,8.0,8.0
156,158,-73.5953964,-42.96322492,8.0,8.0,8.0,8.0,8.0,8.0
157,159,-73.5947497,-40.56499864,8.0,8.0,6.0,6.0,7.0,6.0
158,160,-73.5932457,-42.42868698,7.0,7.0,8.0,8.0,4.0,8.0
159,161,-73.58725899999999,-43.11006626,8.0,8.0,8.0,8.0,8.0,8.0
160,162,-73.5855431,-42.96025886,,,8.0,8.0,,8.0
161,163,-73.58547499999999,-43.11013442,8.0,8.0,8.0,8.0,8.0,8.0
162,164,-73.5853406,-42.96053553,,,8.0,8.0,,8.0
163,165,-73.5852903,-43.11015016,8.0,8.0,8.0,8.0,4.0,8.0
164,166,-73.58463839999999,-43.11016917,8.0,8.0,8.0,8.0,4.0,8.0
165,167,-73.5842971,-43.11003891,8.0,8.0,8.0,8.0,8.0,8.0
166,168,-73.584282,-43.11016479,8.0,8.0,8.0,8.0,8.0,8.0
167,169,-73.5840235,-43.11017962,8.0,8.0,8.0,8.0,8.0,8.0
168,170,-73.5840004,-43.1101163,8.0,8.0,8.0,8.0,8.0,8.0
169,171,-73.5837892,-43.11021276,8.0,8.0,8.0,8.0,8.0,8.0
170,172,-73.5834215,-43.11016322,8.0,8.0,8.0,8.0,8.0,8.0
171,173,-73.5832128,-43.11015165,8.0,8.0,8.0,8.0,8.0,8.0
172,174,-73.5830652,-43.11015884,8.0,8.0,8.0,8.0,8.0,8.0
173,175,-73.5830637,-43.11022185,8.0,8.0,8.0,8.0,8.0,8.0
174,176,-73.5829548,-43.11014847,8.0,8.0,8.0,8.0,8.0,8.0
175,177,-73.5829285,-43.11022019,8.0,8.0,8.0,8.0,8.0,8.0
176,178,-73.5829285,-43.11022019,8.0,8.0,8.0,8.0,8.0,8.0
177,179,-73.5827319,-43.11021777,8.0,8.0,8.0,8.0,8.0,8.0
178,180,-73.582684,-43.110163150000005,8.0,8.0,8.0,8.0,8.0,8.0
179,181,-73.58230239999999,-43.110185470000005,8.0,8.0,8.0,8.0,8.0,8.0
180,182,-73.5729039,-42.65804291,,,8.0,8.0,,8.0
181,183,-73.57215939999999,-42.85469913,7.0,7.0,8.0,8.0,8.0,4.0
182,184,-73.57067389999999,-42.6648774,,,8.0,8.0,,8.0
183,185,-73.5686006,-42.85881535,7.0,7.0,8.0,8.0,8.0,8.0
184,186,-73.56669409999999,-43.10846155,8.0,8.0,8.0,8.0,4.0,8.0
185,187,-73.56621949999999,-42.66701042,,,,,,
186,188,-73.5617934,-42.86520527,7.0,7.0,8.0,8.0,8.0,8.0
187,189,-73.5567734,-41.79582219,,,8.0,8.0,,8.0
188,190,-73.5485812,-43.00183417,8.0,8.0,8.0,8.0,8.0,8.0
189,191,-73.5466221,-43.00846407,8.0,8.0,8.0,8.0,8.0,8.0
190,192,-73.5399066,-42.27877998,8.0,8.0,8.0,8.0,8.0,8.0
191,193,-73.5381934,-42.99066287,,,8.0,8.0,,8.0
192,194,-73.5301198,-43.01607994,,,8.0,8.0,,8.0
193,195,-73.52255389999999,-42.87547901,7.0,7.0,8.0,8.0,8.0,8.0
194,196,-73.521096,-42.66765628,,,8.0,8.0,,8.0
195,197,-73.5153579,-42.93488258,8.0,8.0,8.0,8.0,8.0,8.0
196,198,-73.51076909999999,-42.6687571,,,8.0,8.0,,8.0
197,199,-73.50230309999999,-42.85749565,8.0,8.0,8.0,8.0,8.0,8.0
198,200,-73.4939411,-42.1328322,8.0,8.0,8.0,8.0,8.0,8.0
199,201,-73.4687865,-43.111001550000005,,,8.0,8.0,,8.0
200,202,-73.4682062,-42.13465515,,,8.0,8.0,,8.0
201,203,-73.468188,-42.134424,,,8.0,8.0,,8.0
202,204,-73.468088,-42.1345365,,,8.0,8.0,,8.0
203,205,-73.46776779999999,-42.878428580000005,8.0,8.0,8.0,8.0,8.0,8.0
204,206,-73.4668916,-42.163736400000005,7.0,7.0,8.0,8.0,8.0,8.0
205,207,-73.46317599999999,-42.126143,7.0,7.0,8.0,8.0,8.0,8.0
206,208,-73.46151259999999,-42.88228942,8.0,8.0,8.0,8.0,8.0,8.0
207,209,-73.461388,-42.13234,,,8.0,8.0,,8.0
208,210,-73.4251314,-42.91599874,8.0,8.0,8.0,8.0,8.0,8.0
209,211,-73.4225187,-42.1759812,7.0,7.0,8.0,8.0,8.0,8.0
210,212,-73.3680093,-42.30763731,8.0,8.0,8.0,8.0,8.0,8.0
211,213,-73.2270466,-40.34448129,3.0,8.0,7.0,7.0,7.0,7.0
212,214,-73.2144242,-40.344450300000005,3.0,8.0,3.0,7.0,7.0,7.0
213,215,-73.1557876,-40.55972624,3.0,3.0,2.0,2.0,1.0,2.0
214,216,-73.1300126,-41.74304996,8.0,7.0,8.0,8.0,8.0,8.0
215,217,-73.12983399999999,-41.743175,8.0,7.0,8.0,8.0,8.0,8.0
216,218,-73.1265444,-41.75566589,7.0,7.0,8.0,8.0,8.0,8.0
217,219,-73.1261071,-41.755811900000005,7.0,7.0,8.0,8.0,8.0,8.0
218,220,-73.12610699999999,-41.755812,7.0,7.0,8.0,8.0,8.0,8.0
219,221,-73.126088,-41.755682,7.0,7.0,8.0,8.0,8.0,8.0
220,222,-73.12599449999999,-41.75928658,7.0,7.0,8.0,8.0,8.0,8.0
221,223,-73.125936,-41.755494,7.0,7.0,8.0,8.0,8.0,8.0
222,224,-73.1259359,-41.755493900000005,7.0,7.0,8.0,8.0,8.0,8.0
223,225,-73.125737,-41.75878,,,8.0,8.0,,8.0
224,226,-73.1229733,-41.75767939,,,8.0,8.0,,8.0
225,227,-73.12225,-41.75732,,,8.0,8.0,,8.0
226,228,-73.1217379,-41.75755122,,,8.0,8.0,,8.0
227,229,-73.11939629999999,-41.75326204,8.0,8.0,8.0,8.0,8.0,4.0
228,230,-73.119334,-41.753259,8.0,8.0,8.0,8.0,8.0,4.0
229,231,-73.11770399999999,-41.753513000000005,8.0,8.0,8.0,8.0,8.0,8.0
230,232,-73.1175214,-41.75361877,8.0,8.0,8.0,8.0,8.0,8.0
231,233,-73.0968652,-40.5580367,2.0,2.0,2.0,2.0,2.0,2.0
232,234,-73.096728,-40.557863000000005,2.0,2.0,2.0,2.0,2.0,2.0
233,235,-73.03822299999999,-41.516882,7.0,7.0,3.0,8.0,8.0,8.0
234,236,-73.0375499,-41.51702558,7.0,7.0,3.0,8.0,8.0,8.0
235,237,-73.0344119,-41.51257693,7.0,7.0,3.0,8.0,8.0,8.0
236,238,-73.032348,-41.528943000000005,,,8.0,8.0,,8.0
237,239,-73.01897029999999,-41.12793821,,,,,,
238,240,-72.988681,-41.494476,3.0,8.0,3.0,3.0,8.0,8.0
239,241,-72.98861,-41.494476,3.0,8.0,3.0,3.0,8.0,8.0
240,242,-72.987916,-41.497228,,,,,,
241,243,-72.987641,-41.497253,,,,,,
242,244,-72.98757789999999,-41.49735089,,,,,,
243,245,-72.98750899999999,-41.497118,,,,,,
244,246,-72.98673099999999,-41.496841,8.0,8.0,8.0,8.0,8.0,8.0
245,247,-72.9867309,-41.496840760000005,8.0,8.0,8.0,8.0,8.0,8.0
246,248,-72.986333,-41.494938000000005,,,,,,
247,249,-72.9862019,-41.49495814,8.0,8.0,3.0,8.0,8.0,8.0
248,250,-72.983949,-41.30285,3.0,8.0,3.0,8.0,8.0,8.0
249,251,-72.98318959999999,-41.32999867,8.0,8.0,3.0,8.0,8.0,8.0
250,252,-72.9760383,-41.479991430000005,,,,,,
251,253,-72.97599659999999,-41.48326917,,,,,,
252,254,-72.9754681,-41.47983733,,,,,,
253,255,-72.97309609999999,-41.31124073,,,,,,
254,256,-72.9717824,-41.47508917,,,,,,
255,257,-72.9682807,-41.3158939,,,,,,
256,258,-72.9682797,-41.3105167,,,,,,
257,259,-72.96826399999999,-41.485016,,,,,,
258,260,-72.9682636,-41.48501586,,,,,,
259,261,-72.9682067,-41.310560460000005,,,,,,
260,262,-72.9679383,-41.474292080000005,,,,,,
261,263,-72.967928,-41.482335,,,,,,
262,264,-72.96706049999999,-41.47440273,,,,,,
263,265,-72.96663129999999,-41.48126735,,,,,,
264,266,-72.9665943,-41.31131572,,,,,,
265,267,-72.9664044,-41.48124534,,,,,,
266,268,-72.96631199999999,-41.311554,,,,,,
267,269,-72.96577939999999,-41.474001900000005,,,,,,
268,270,-72.965695,-41.47440572,,,,,,
269,271,-72.964929,-41.324068,,,,,,
270,272,-72.9644572,-41.4756899,,,,,,
271,273,-72.96293899999999,-31.476438,,,,,,
272,274,-72.960022,-41.471269,,,,,,
273,275,-72.9580675,-41.4750998,,,,,,
274,276,-72.9576257,-41.46164486,,,,,,
275,277,-72.95746679999999,-41.47094606,,,,,,
276,278,-72.95691459999999,-41.47136862,,,,,,
277,279,-72.9567682,-41.470725,,,,,,
278,280,-72.9530743,-41.469319160000005,,,,,,
279,281,-72.953053,-41.470769,,,,,,
280,282,-72.953019,-41.47108351,,,,,,
281,283,-72.9529651,-41.45827491,,,,,,
282,284,-72.95296499999999,-41.458275,,,,,,
283,285,-72.9529182,-41.47124385,,,,,,
284,286,-72.9528651,-41.47179232,,,,,,
285,287,-72.95271179999999,-41.4701864,,,,,,
286,288,-72.9524489,-41.459463670000005,,,,,,
287,289,-72.95220139999999,-41.46965496,,,,,,
288,290,-72.9520991,-41.47062588,,,,,,
289,291,-72.951436,-41.47076724,,,,,,
290,292,-72.9511474,-41.47118544,,,,,,
291,293,-72.9509709,-41.4661205,,,,,,
292,294,-72.95056079999999,-41.46430286,,,,,,
293,295,-72.9501719,-41.47250114,,,,,,
294,296,-72.950127,-41.47202299,,,,,,
295,297,-72.9500312,-41.471643,,,,,,
296,298,-72.9498737,-41.4640655,,,,,,
297,299,-72.9497707,-41.46391056,,,,,,
298,300,-72.949742,-41.46406317,,,,,,
299,301,-72.94900609999999,-41.4596548,,,,,,
300,302,-72.9489981,-41.47288561,,,,,,
301,303,-72.94623929999999,-41.46615358,,,,,,
302,304,-72.9460385,-41.46682552,,,,,,
303,305,-72.9434922,-41.45792656,,,,,,
304,306,-72.9430544,-41.45890051,,,,,,
305,307,-72.942967,-41.443398,8.0,8.0,3.0,8.0,8.0,8.0
306,308,-72.94281129999999,-41.45711284,,,,,,
307,309,-72.942776,-41.456338,,,,,,
308,310,-72.94275599999999,-41.455925,,,,,,
309,311,-72.942743,-41.458904,,,,,,
310,312,-72.9425509,-41.45587427,,,,,,
311,313,-72.942511,-41.45599966,,,,,,
312,314,-72.9424057,-41.45630401,,,,,,
313,315,-72.9423508,-41.45690649,,,,,,
314,316,-72.94225279999999,-41.4569768,,,,,,
315,317,-72.94224229999999,-41.45921029,,,,,,
316,318,-72.942242,-41.45921,,,,,,
317,319,-72.94210729999999,-41.45779382,,,,,,
318,320,-72.942107,-41.4578,,,,,,
319,321,-72.9420574,-41.46736714,,,,,,
320,322,-72.941938,-41.46583386,,,,,,
321,323,-72.94165199999999,-41.45475943,,,,,,
322,324,-72.9415648,-41.457910250000005,,,,,,
323,325,-72.9415492,-41.45498277,,,,,,
324,326,-72.9414831,-41.45480146,,,,,,
325,327,-72.9408692,-41.459465040000005,,,,,,
326,328,-72.9400852,-41.454704490000005,,,,,,
327,329,-72.94004799999999,-41.443355,,,,,,
328,330,-72.93973799999999,-41.45964302,,,,,,
329,331,-72.9394068,-41.45951102,,,,,,
330,332,-72.9380291,-41.45990977,,,,,,
331,333,-72.9355695,-41.45399342,,,,,,
332,334,-72.931491,-41.45309186,,,,,,
333,335,-72.93119899999999,-41.45399631,,,,,,
334,336,-72.93059749999999,-41.4593806,,,,,,
335,337,-72.92648949999999,-41.46053187,,,,,,
336,338,-72.9252327,-41.44881851,,,,,,
337,339,-72.9235023,-41.46108168,,,,,,
338,340,-72.92231729999999,-41.46369936,,,,,,
339,341,-72.9215194,-41.4639372,,,,,,
340,342,-72.9151083,-41.45618394,,,,,,
341,343,-72.91381659999999,-41.45538605,,,,,,
342,344,-72.91373809999999,-41.45597007,,,,,,
343,345,-72.9130959,-41.45583238,,,,,,
344,346,-72.9119789,-41.463810200000005,,,,,,
345,347,-72.9105948,-41.46290251,,,,,,
346,348,-72.90957039999999,-41.46273087,,,,,,
347,349,-72.90937799999999,-41.46275441,,,,,,
348,350,-72.9080541,-41.45622756,,,,,,
349,351,-72.9076376,-41.457643090000005,,,,,,
350,352,-72.9071354,-41.455751580000005,,,,,,
351,353,-72.9066218,-41.456084530000005,,,,,,
352,354,-72.90603899999999,-41.45708273,,,,,,
353,355,-72.90588129999999,-41.467608770000005,,,,,,
354,356,-72.90133979999999,-41.47066971,3.0,8.0,3.0,8.0,8.0,8.0
355,357,-72.9010387,-41.47109656,8.0,8.0,8.0,8.0,8.0,8.0
356,358,-72.900398,-41.47165234,8.0,8.0,8.0,8.0,8.0,8.0
357,359,-72.89877709999999,-41.46507497,3.0,8.0,3.0,8.0,8.0,8.0
358,360,-72.8985299,-41.47313151,8.0,8.0,8.0,8.0,8.0,8.0
359,361,-72.89822,-41.4738284,3.0,8.0,3.0,8.0,8.0,8.0
360,362,-72.8980916,-41.47372698,3.0,8.0,3.0,8.0,8.0,8.0
361,363,-72.8979672,-41.47386883,3.0,8.0,3.0,8.0,8.0,8.0
362,364,-72.8979617,-41.474039860000005,8.0,8.0,3.0,8.0,8.0,8.0
363,365,-72.8978271,-41.47412748,8.0,8.0,3.0,8.0,8.0,8.0
364,366,-72.89233229999999,-41.4584457,3.0,8.0,3.0,8.0,8.0,8.0
365,367,-72.8894,-41.474,3.0,8.0,3.0,8.0,8.0,8.0
366,368,-72.8773263,-41.48762293,8.0,8.0,3.0,8.0,8.0,8.0
367,369,-72.8762726,-41.488711380000005,3.0,8.0,3.0,8.0,8.0,8.0
368,370,-72.875524,-41.489133,8.0,8.0,3.0,8.0,8.0,8.0
369,371,-72.873165,-41.488482000000005,3.0,8.0,3.0,8.0,8.0,8.0
370,372,-72.86565499999999,-41.48587672,3.0,8.0,3.0,8.0,8.0,8.0
371,373,-72.80323899999999,-41.381671,8.0,8.0,8.0,8.0,8.0,8.0
372,374,-72.80290579999999,-41.48232234,8.0,4.0,8.0,8.0,4.0,4.0
373,375,-72.80122499999999,-41.483867,8.0,8.0,8.0,8.0,8.0,8.0
374,376,-72.798778,-41.487846000000005,8.0,8.0,8.0,8.0,8.0,4.0
375,377,-72.798576,-41.48816627,8.0,8.0,8.0,8.0,8.0,8.0
376,378,-72.7978598,-41.48880109,8.0,8.0,8.0,8.0,8.0,8.0
377,379,-72.71058939999999,-41.29125299,8.0,8.0,8.0,8.0,8.0,8.0
378,380,-72.7088541,-41.29272274,8.0,8.0,8.0,8.0,8.0,8.0
379,381,-72.6885336,-42.42466017,8.0,8.0,8.0,8.0,8.0,8.0
380,382,-72.68340359999999,-41.3038431,8.0,8.0,8.0,8.0,8.0,8.0
381,383,-72.673008,-42.422375,8.0,4.0,8.0,8.0,4.0,4.0
382,384,-72.65979999999999,-42.915202,8.0,8.0,8.0,8.0,8.0,8.0
383,385,-72.643614,-42.903782,8.0,8.0,8.0,8.0,8.0,8.0
384,386,-72.6400558,-41.411991830000005,8.0,8.0,8.0,8.0,8.0,8.0
385,387,-72.6381655,-41.99988014,8.0,8.0,8.0,8.0,8.0,8.0
386,388,-72.6381069,-41.39404681,8.0,8.0,8.0,8.0,8.0,8.0
387,389,-72.63796789999999,-41.413147030000005,8.0,8.0,8.0,8.0,8.0,8.0
388,390,-72.63663299999999,-42.896262,8.0,8.0,8.0,8.0,8.0,8.0
389,391,-72.6323596,-41.68212649,8.0,8.0,8.0,8.0,8.0,4.0
390,392,-72.63210509999999,-41.38105341,8.0,8.0,8.0,8.0,8.0,8.0
391,393,-72.6319319,-41.40700699,8.0,8.0,8.0,8.0,8.0,8.0
392,394,-72.6310816,-41.38058209,8.0,8.0,8.0,8.0,8.0,8.0
393,395,-72.6223583,-41.0720444,3.0,8.0,3.0,8.0,7.0,8.0
394,396,-72.617875,-41.97762,8.0,4.0,8.0,8.0,4.0,4.0
395,397,-72.6155823,-41.9785124,8.0,8.0,8.0,8.0,8.0,8.0
396,398,-72.6066738,-41.957154890000005,8.0,8.0,8.0,8.0,8.0,8.0
397,399,-72.6066738,-41.957154890000005,8.0,8.0,8.0,8.0,8.0,8.0
398,400,-72.598079,-41.971736660000005,8.0,8.0,8.0,8.0,8.0,8.0
399,401,-72.598079,-41.971736660000005,8.0,8.0,8.0,8.0,8.0,8.0
400,402,-72.5869314,-41.125289460000005,8.0,8.0,8.0,8.0,8.0,8.0
401,403,-72.56865289999999,-41.38921891,8.0,4.0,4.0,4.0,4.0,4.0
402,404,-72.5652247,-41.38104975,8.0,4.0,8.0,8.0,8.0,8.0
403,405,-72.5641081,-41.394346940000005,8.0,4.0,4.0,4.0,4.0,4.0
404,406,-72.55828989999999,-41.390297190000005,8.0,8.0,8.0,8.0,8.0,8.0
405,407,-72.4941941,-41.71558313,,,,,,
406,408,-72.480429,-42.156109,,,8.0,8.0,,8.0
407,409,-72.4552454,-41.17435369,8.0,8.0,8.0,8.0,8.0,8.0
408,410,-72.4551613,-41.174369850000005,8.0,8.0,8.0,8.0,8.0,8.0
409,411,-72.4551553,-41.1742166,8.0,8.0,8.0,8.0,8.0,8.0
410,412,-72.45465159999999,-41.17244018,8.0,8.0,8.0,8.0,8.0,8.0
411,413,-72.45465159999999,-41.17244018,8.0,8.0,8.0,8.0,8.0,8.0
412,414,-72.451966,-41.17036348,8.0,8.0,8.0,8.0,8.0,8.0
413,415,-72.451966,-41.17036348,8.0,8.0,8.0,8.0,8.0,8.0
414,416,-72.444859,-42.127246,8.0,8.0,8.0,8.0,8.0,8.0
415,417,-72.440398,-41.106828,8.0,8.0,8.0,8.0,8.0,8.0
416,418,-72.438739,-42.100190000000005,8.0,8.0,8.0,8.0,8.0,8.0
417,419,-72.4366414,-43.20450401,,,,,,
418,420,-72.4207014,-41.13912792,8.0,8.0,8.0,8.0,8.0,8.0
419,421,-72.4205411,-41.13896222,8.0,8.0,8.0,8.0,8.0,8.0
420,422,-72.41511729999999,-43.35295775,4.0,4.0,4.0,4.0,4.0,4.0
421,423,-72.415117,-43.352958,4.0,4.0,4.0,4.0,4.0,4.0
422,424,-72.41135419999999,-41.1362259,8.0,8.0,8.0,8.0,8.0,8.0
423,425,-72.4112653,-41.13606178,8.0,8.0,8.0,8.0,8.0,8.0
424,426,-72.41028,-42.986431,8.0,8.0,8.0,8.0,8.0,8.0
425,427,-72.40271969999999,-41.133095950000005,3.0,8.0,3.0,3.0,8.0,8.0
426,428,-72.39361699999999,-41.143073,8.0,8.0,8.0,8.0,8.0,8.0
427,429,-72.39162359999999,-41.13318829,,,,,,
428,430,-72.390767,-41.966804,8.0,4.0,8.0,8.0,8.0,8.0
429,431,-72.390637,-41.12679824,,,,,,
430,432,-72.3622211,-43.37331828,8.0,8.0,8.0,8.0,8.0,8.0
431,433,-72.36222099999999,-43.373318000000005,8.0,8.0,8.0,8.0,8.0,8.0
432,434,-72.357722,-43.400245000000005,8.0,8.0,8.0,8.0,8.0,8.0
433,435,-72.3577219,-43.40024451,8.0,8.0,8.0,8.0,8.0,8.0
434,436,-72.3227021,-43.38604372,8.0,8.0,8.0,8.0,8.0,8.0
435,437,-72.2995373,-41.478046590000005,3.0,8.0,3.0,3.0,8.0,8.0
436,438,-72.29642899999999,-43.396292,4.0,4.0,4.0,4.0,4.0,4.0
437,439,-72.29642899999999,-43.396292,4.0,4.0,4.0,4.0,4.0,4.0
438,440,-72.279743,-41.422212,8.0,8.0,8.0,8.0,8.0,8.0
439,441,-72.24208,-40.65241301,8.0,8.0,8.0,8.0,8.0,8.0
440,442,-72.05189759999999,-43.34416094,8.0,8.0,8.0,8.0,8.0,8.0
441,443,-72.02044099999999,-40.673937,8.0,8.0,8.0,8.0,8.0,8.0
442,444,-71.9110099,-43.20202194,8.0,8.0,8.0,8.0,8.0,8.0
443,445,-71.784759,-43.606449000000005,8.0,8.0,8.0,8.0,8.0,8.0
444,447,-72.66284698999999,-41.44223122,8.0,8.0,8.0,8.0,8.0,8.0
445,448,-72.89840181,-41.47339037,8.0,8.0,8.0,8.0,8.0,8.0
446,449,-72.94842269,-41.470992980000005,,,,,,
447,450,-72.94971484,-41.46378348,,,,,,
448,451,-72.966843,-41.311199,,,,,,
449,452,-72.97438029999999,-41.47976422,,,,,,
450,453,-72.97608487,-41.483513890000005,,,,,,
451,454,-72.98884034999999,-41.49759804,,,,,,
452,455,-72.98884034999999,-41.49759804,,,,,,
453,456,-73.019584,-41.125337,,,,,,
454,457,-73.54840069,-43.002732380000005,8.0,8.0,8.0,8.0,8.0,8.0
455,458,-73.54842674999999,-43.00319196,8.0,8.0,8.0,8.0,8.0,8.0
456,459,-73.54848398,-43.00231921,8.0,8.0,8.0,8.0,8.0,8.0
457,460,-73.57284806999999,-42.65620512,,,8.0,8.0,,8.0
458,461,-73.57443395,-42.8510532,7.0,7.0,8.0,8.0,8.0,4.0
459,462,-73.57458704,-43.10733483,8.0,8.0,8.0,8.0,4.0,4.0
460,463,-73.57495055999999,-42.65443004,,,8.0,8.0,,8.0
461,464,-73.60784633,-42.41270768,7.0,7.0,8.0,8.0,8.0,8.0
462,465,-73.61707846,-43.107402400000005,8.0,8.0,8.0,8.0,4.0,4.0
463,466,-73.64495584,-42.371767510000005,7.0,7.0,8.0,8.0,7.0,8.0
464,467,-73.74641684,-42.41572686,2.0,7.0,3.0,3.0,3.0,3.0
465,468,-73.748458,-42.459481,7.0,7.0,3.0,8.0,8.0,8.0
466,469,-73.77998457,-42.736774530000005,8.0,8.0,8.0,8.0,8.0,8.0
467,470,-73.79484542,-41.87090599,8.0,8.0,8.0,8.0,8.0,8.0
468,471,-73.82084816,-41.92736589,3.0,3.0,7.0,7.0,7.0,7.0
469,472,-73.91545683999999,-42.02634434,8.0,8.0,8.0,8.0,8.0,8.0
470,473,-74.03008496,-41.97656358,8.0,8.0,8.0,8.0,8.0,8.0
471,474,-73.765917,-42.455589,7.0,7.0,3.0,3.0,8.0,8.0
472,475,-71.581728,-39.349900000000005,7.0,7.0,8.0,8.0,6.0,8.0
473,476,-73.39099999999999,-38.8061,2.0,1.0,2.0,2.0,1.0,2.0
474,477,-72.622492,-38.760995,2.0,10.0,2.0,10.0,2.0,10.0
475,478,-72.622492,-38.760995,2.0,10.0,2.0,10.0,2.0,10.0
476,479,-72.55378599999999,-38.762429,3.0,2.0,2.0,2.0,2.0,2.0
477,480,-72.55378599999999,-38.762429,3.0,2.0,2.0,2.0,2.0,2.0
478,481,-72.544393,-38.756569,11.0,3.0,2.0,2.0,2.0,1.0
479,482,-72.544393,-38.756569,11.0,3.0,2.0,2.0,2.0,1.0
480,483,-72.541007,-38.754054,2.0,2.0,2.0,2.0,2.0,1.0
481,484,-72.541007,-38.754054,2.0,2.0,2.0,2.0,2.0,1.0
482,485,-72.42739999999999,-37.9539,,,,,,
483,486,-72.42739999999999,-37.9539,,,,,,
484,487,-73.39089999999999,-38.8066,2.0,1.0,2.0,2.0,1.0,2.0
485,488,-73.39109499999999,-38.805435,1.0,1.0,2.0,2.0,1.0,2.0
486,489,-73.39080799999999,-38.806443,2.0,1.0,2.0,2.0,1.0,2.0
487,490,-73.197138,-39.387767,7.0,6.0,3.0,3.0,6.0,3.0
488,491,-73.198769,-39.391648,3.0,3.0,7.0,7.0,6.0,7.0
489,492,-73.201246,-39.9604,3.0,3.0,3.0,3.0,3.0,2.0
490,493,-73.19886,-39.391731,3.0,3.0,7.0,7.0,6.0,7.0
491,494,-73.199259,-39.391106,3.0,3.0,7.0,7.0,6.0,7.0
492,495,-72.231704,-40.169364,8.0,8.0,8.0,8.0,8.0,8.0
493,496,-72.315337,-40.068596,8.0,8.0,8.0,8.0,8.0,8.0
494,497,-73.55355,-39.919281000000005,,,7.0,7.0,,7.0
495,498,-72.8171,-39.8467,2.0,2.0,2.0,2.0,2.0,2.0
496,499,-72.817056,-39.846709,2.0,2.0,2.0,2.0,2.0,2.0
497,500,-72.8171,-39.8467,2.0,2.0,2.0,2.0,2.0,2.0
498,501,-72.816661,-39.847017,2.0,2.0,2.0,2.0,2.0,2.0
499,502,-72.484163,-39.735196,3.0,2.0,2.0,2.0,2.0,2.0
500,503,-73.505,-39.906600000000005,7.0,7.0,7.0,7.0,7.0,7.0
501,504,-73.505,-39.906600000000005,7.0,7.0,7.0,7.0,7.0,7.0
502,505,-73.505,-39.906600000000005,7.0,7.0,7.0,7.0,7.0,7.0
503,506,-73.0749,-40.3006,,,,,,
504,507,-72.22081899999999,-40.158873,8.0,8.0,8.0,8.0,8.0,8.0
505,508,-72.221406,-40.154655000000005,8.0,8.0,8.0,8.0,8.0,8.0
506,509,-72.22558599999999,-40.150747,8.0,8.0,8.0,8.0,8.0,8.0
507,510,-73.418593,-39.876828,,,7.0,7.0,,7.0
508,511,-73.55412899999999,-39.919873,,,7.0,7.0,,7.0
509,512,-72.950902,-40.330942,,,,,,
510,513,-73.082488,-39.798533,2.0,2.0,2.0,2.0,1.0,2.0
511,514,-73.389732,-39.865162000000005,7.0,7.0,7.0,7.0,6.0,7.0
512,515,-73.41707799999999,-39.862788,,,3.0,3.0,,3.0
513,516,-72.783458,-39.426570000000005,3.0,2.0,3.0,3.0,2.0,2.0
514,517,-72.783434,-39.425789,2.0,2.0,3.0,3.0,2.0,2.0
515,518,-72.782748,-39.425065,2.0,2.0,2.0,2.0,2.0,2.0
516,519,-72.781887,-39.423701,2.0,2.0,2.0,2.0,2.0,2.0
517,520,-72.78056699999999,-39.422601,11.0,12.0,2.0,2.0,2.0,2.0
518,521,-73.389506,-39.829599,3.0,7.0,7.0,7.0,6.0,6.0
519,522,-73.383673,-39.863258,2.0,1.0,2.0,2.0,1.0,2.0
520,523,-73.39067299999999,-39.828678,7.0,7.0,7.0,7.0,1.0,6.0
521,524,-72.318006,-40.113587,8.0,8.0,8.0,8.0,8.0,8.0
522,525,-73.389314,-39.863053,7.0,7.0,7.0,7.0,6.0,7.0
523,526,-73.354963,-39.853587000000005,3.0,3.0,2.0,2.0,1.0,2.0
524,527,-73.33966099999999,-39.849613000000005,11.0,3.0,2.0,2.0,2.0,2.0
525,528,-72.04263999999999,-39.575103,,,,,,
526,529,-71.452072,-39.299911,8.0,8.0,8.0,8.0,8.0,8.0
527,530,-71.452671,-39.300132000000005,8.0,8.0,8.0,8.0,8.0,8.0
528,531,-71.452191,-39.299989,8.0,8.0,8.0,8.0,8.0,8.0
529,532,-73.20431599999999,-39.204316,2.0,2.0,3.0,3.0,2.0,3.0
530,533,-71.57979999999999,-39.349900000000005,8.0,7.0,8.0,8.0,7.0,8.0
531,534,-73.39099999999999,-38.8061,2.0,1.0,2.0,2.0,1.0,2.0
532,535,-72.6224,-38.7609,2.0,10.0,2.0,10.0,2.0,10.0
533,536,-72.6224,-38.7609,2.0,10.0,2.0,10.0,2.0,10.0
534,537,-72.5543,-38.7625,3.0,2.0,2.0,2.0,2.0,2.0
535,538,-72.5543,-38.7625,3.0,2.0,2.0,2.0,2.0,2.0
536,539,-72.5445,-38.7563,11.0,3.0,2.0,2.0,2.0,1.0
537,540,-72.5445,-38.7563,11.0,3.0,2.0,2.0,2.0,1.0
538,541,-72.54299999999999,-38.7552,11.0,2.0,2.0,2.0,2.0,1.0
539,542,-72.5409,-38.753800000000005,2.0,2.0,2.0,2.0,2.0,2.0
540,543,-72.5409,-38.753800000000005,2.0,2.0,2.0,2.0,2.0,2.0
541,544,-72.42739999999999,-37.9539,,,,,,
542,545,-72.42739999999999,-37.9539,,,,,,
543,546,-72.24419999999999,-40.1323,8.0,8.0,8.0,8.0,8.0,8.0
544,547,-72.369,-40.1172,7.0,7.0,3.0,8.0,8.0,8.0
545,548,-73.4768,-39.8873,7.0,7.0,7.0,7.0,6.0,7.0
546,549,-72.8171,-39.8467,2.0,2.0,2.0,2.0,2.0,2.0
547,550,-72.8171,-39.8467,2.0,2.0,2.0,2.0,2.0,2.0
548,551,-72.8171,-39.8467,2.0,2.0,2.0,2.0,2.0,2.0
549,552,-72.8167,-39.847,2.0,2.0,2.0,2.0,2.0,2.0
550,553,-72.4842,-39.7352,3.0,2.0,2.0,2.0,2.0,2.0
551,554,-73.505,-39.906600000000005,7.0,7.0,7.0,7.0,7.0,7.0
552,555,-73.505,-39.906600000000005,7.0,7.0,7.0,7.0,7.0,7.0
553,556,-73.505,-39.906600000000005,7.0,7.0,7.0,7.0,7.0,7.0
554,557,-73.0749,-40.3006,,,,,,
555,558,-73.7755,-42.4586,3.0,7.0,3.0,8.0,8.0,8.0
556,559,-73.7755,-42.4586,3.0,7.0,3.0,8.0,8.0,8.0
557,560,-72.6883,-42.398700000000005,8.0,8.0,8.0,8.0,8.0,8.0
558,561,-73.7789,-40.6983,3.0,3.0,2.0,2.0,2.0,2.0
559,562,-73.59469999999999,-40.565000000000005,8.0,8.0,6.0,6.0,7.0,6.0
560,563,-72.6382,-41.9999,8.0,8.0,8.0,8.0,8.0,8.0
561,564,-73.12599999999999,-41.7593,7.0,7.0,8.0,8.0,8.0,8.0
562,565,-73.12169999999999,-41.7576,,,8.0,8.0,,8.0
563,566,-73.11749999999999,-41.7536,8.0,8.0,8.0,8.0,8.0,8.0
564,567,-73.1265,-41.7557,7.0,7.0,8.0,8.0,8.0,8.0
565,568,-72.9416,-41.4579,,,,,,
566,569,-72.31299999999999,-43.3866,8.0,8.0,8.0,8.0,8.0,8.0
567,570,-72.7986,-41.4882,8.0,8.0,8.0,8.0,8.0,8.0
568,571,-73.01899999999999,-41.1279,,,,,,
569,572,-73.70769999999999,-40.5353,3.0,3.0,2.0,2.0,1.0,2.0
570,573,-73.70769999999999,-40.5353,3.0,3.0,2.0,2.0,1.0,2.0
571,574,-73.73469999999999,-40.5948,8.0,8.0,7.0,7.0,6.0,7.0
572,575,-73.73469999999999,-40.5948,8.0,8.0,7.0,7.0,6.0,7.0
573,576,-73.9155,-42.0263,8.0,8.0,8.0,8.0,8.0,8.0
574,577,-72.9666,-41.3113,,,,,,
575,578,-72.3916,-41.1332,,,,,,
576,579,-72.9422,-41.4592,,,,,,
577,580,-72.8029,-41.4823,8.0,4.0,8.0,8.0,4.0,4.0
578,581,-72.9888,-41.4976,,,,,,
579,582,-72.9888,-41.4976,,,,,,
580,583,-73.03439999999999,-41.5126,7.0,7.0,3.0,8.0,8.0,8.0
581,584,-72.95299999999999,-41.4711,,,,,,
582,585,-72.95299999999999,-41.4711,,,,,,
583,586,-72.9421,-41.4578,,,,,,
584,587,-72.9421,-41.4578,,,,,,
585,588,-73.13,-41.743,8.0,7.0,8.0,8.0,8.0,8.0
586,589,-73.1194,-41.7533,8.0,8.0,8.0,8.0,8.0,4.0
587,590,-73.1259,-41.755500000000005,7.0,7.0,8.0,8.0,8.0,8.0
588,591,-73.1261,-41.7558,7.0,7.0,8.0,8.0,8.0,8.0
589,592,-73.12299999999999,-41.7577,,,8.0,8.0,,8.0
590,593,-73.0375,-41.517,7.0,7.0,3.0,8.0,8.0,8.0
591,594,-73.0375,-41.517,7.0,7.0,3.0,8.0,8.0,8.0
592,595,-73.4939,-42.1328,8.0,8.0,8.0,8.0,8.0,8.0
593,596,-73.72579999999999,-40.582,11.0,12.0,2.0,2.0,1.0,2.0
594,597,-73.82509999999999,-41.385000000000005,7.0,7.0,8.0,8.0,8.0,8.0
595,598,-73.82509999999999,-41.385000000000005,7.0,7.0,8.0,8.0,8.0,8.0
596,599,-72.8894,-41.474,3.0,8.0,3.0,8.0,8.0,8.0
597,600,-72.4035,-41.355900000000005,8.0,8.0,8.0,8.0,8.0,8.0
598,601,-73.39089999999999,-38.8066,2.0,1.0,2.0,2.0,1.0,2.0
599,602,-73.39099999999999,-38.8061,2.0,1.0,2.0,2.0,1.0,2.0
600,603,-73.39099999999999,-38.8061,2.0,1.0,2.0,2.0,1.0,2.0
601,604,-73.38973,-39.865162000000005,7.0,7.0,7.0,7.0,6.0,7.0
602,605,-72.312984,-43.386627,8.0,8.0,8.0,8.0,8.0,8.0
603,606,-72.312984,-43.386627,8.0,8.0,8.0,8.0,8.0,8.0
604,607,-73.01897,-41.127938,,,,,,
605,608,-72.426558,-41.356184,8.0,8.0,8.0,8.0,8.0,8.0
606,609,-73.725792,-40.582047,11.0,12.0,2.0,2.0,1.0,2.0
607,610,-72.98319,-41.329999,8.0,8.0,3.0,8.0,8.0,8.0
608,611,-73.096865,-40.558037,2.0,2.0,2.0,2.0,2.0,2.0
609,612,-72.95296499999999,-41.458275,,,,,,
610,613,-72.942511,-41.456,,,,,,
611,614,-73.765917,-42.455589,7.0,7.0,3.0,3.0,8.0,8.0
612,615,-72.96826399999999,-41.485016,,,,,,
613,616,-72.96826399999999,-41.485016,,,,,,
614,617,-73.468088,-42.134537,,,8.0,8.0,,8.0
615,618,-72.415117,-43.352958,4.0,4.0,4.0,4.0,4.0,4.0
616,619,-72.36222099999999,-43.373318000000005,8.0,8.0,8.0,8.0,8.0,8.0
617,620,-72.357722,-43.400245000000005,8.0,8.0,8.0,8.0,8.0,8.0
618,621,-71.581728,-39.349900000000005,7.0,7.0,8.0,8.0,6.0,8.0
619,622,-73.39099999999999,-38.8061,2.0,1.0,2.0,2.0,1.0,2.0
620,623,-72.622492,-38.760995,2.0,10.0,2.0,10.0,2.0,10.0
621,624,-72.622492,-38.760995,2.0,10.0,2.0,10.0,2.0,10.0
622,625,-72.55378599999999,-38.762429,3.0,2.0,2.0,2.0,2.0,2.0
623,626,-72.55378599999999,-38.762429,3.0,2.0,2.0,2.0,2.0,2.0
624,627,-72.544393,-38.756569,11.0,3.0,2.0,2.0,2.0,1.0
625,628,-72.544393,-38.756569,11.0,3.0,2.0,2.0,2.0,1.0
626,629,-72.541007,-38.754054,2.0,2.0,2.0,2.0,2.0,1.0
627,630,-72.541007,-38.754054,2.0,2.0,2.0,2.0,2.0,1.0
628,631,-72.42739999999999,-37.9539,,,,,,
629,632,-72.42739999999999,-37.9539,,,,,,
630,633,-72.231704,-40.169364,8.0,8.0,8.0,8.0,8.0,8.0
631,634,-72.315337,-40.068596,8.0,8.0,8.0,8.0,8.0,8.0
632,635,-73.55355,-39.919281000000005,,,7.0,7.0,,7.0
633,636,-72.8171,-39.8467,2.0,2.0,2.0,2.0,2.0,2.0
634,637,-72.817056,-39.846709,2.0,2.0,2.0,2.0,2.0,2.0
635,638,-72.8171,-39.8467,2.0,2.0,2.0,2.0,2.0,2.0
636,639,-72.816661,-39.847017,2.0,2.0,2.0,2.0,2.0,2.0
637,640,-72.484163,-39.735196,3.0,2.0,2.0,2.0,2.0,2.0
638,641,-73.505,-39.906600000000005,7.0,7.0,7.0,7.0,7.0,7.0
639,642,-73.505,-39.906600000000005,7.0,7.0,7.0,7.0,7.0,7.0
640,643,-73.505,-39.906600000000005,7.0,7.0,7.0,7.0,7.0,7.0
641,644,-73.0749,-40.3006,,,,,,
642,645,-73.7755,-42.4586,3.0,7.0,3.0,8.0,8.0,8.0
643,646,-73.7755,-42.4586,3.0,7.0,3.0,8.0,8.0,8.0
644,647,-72.6883,-42.398700000000005,8.0,8.0,8.0,8.0,8.0,8.0
645,648,-73.7789,-40.6983,3.0,3.0,2.0,2.0,2.0,2.0
646,649,-73.59469999999999,-40.565000000000005,8.0,8.0,6.0,6.0,7.0,6.0
647,650,-72.6382,-41.9999,8.0,8.0,8.0,8.0,8.0,8.0
648,651,-73.12599999999999,-41.7593,7.0,7.0,8.0,8.0,8.0,8.0
649,652,-73.12169999999999,-41.7576,,,8.0,8.0,,8.0
650,653,-73.11749999999999,-41.7536,8.0,8.0,8.0,8.0,8.0,8.0
651,654,-73.1265,-41.7557,7.0,7.0,8.0,8.0,8.0,8.0
652,655,-73.39089999999999,-38.8066,2.0,1.0,2.0,2.0,1.0,2.0
653,656,-73.39109499999999,-38.805435,1.0,1.0,2.0,2.0,1.0,2.0
654,657,-73.39080799999999,-38.806443,2.0,1.0,2.0,2.0,1.0,2.0
655,658,-73.197138,-39.387767,7.0,6.0,3.0,3.0,6.0,3.0
656,659,-73.198769,-39.391648,3.0,3.0,7.0,7.0,6.0,7.0
657,660,-72.96826399999999,-41.485016,,,,,,
658,661,-72.96826399999999,-41.485016,,,,,,
659,662,-72.95296499999999,-41.458275,,,,,,
660,663,-72.942511,-41.456,,,,,,
661,664,-72.9416,-41.4579,,,,,,
662,665,-72.31299999999999,-43.3866,8.0,8.0,8.0,8.0,8.0,8.0
663,666,-72.7986,-41.4882,8.0,8.0,8.0,8.0,8.0,8.0
664,667,-73.01899999999999,-41.1279,,,,,,
665,668,-73.70769999999999,-40.5353,3.0,3.0,2.0,2.0,1.0,2.0
666,669,-73.70769999999999,-40.5353,3.0,3.0,2.0,2.0,1.0,2.0
667,670,-73.73469999999999,-40.5948,8.0,8.0,7.0,7.0,6.0,7.0
668,671,-73.73469999999999,-40.5948,8.0,8.0,7.0,7.0,6.0,7.0
669,672,-73.9155,-42.0263,8.0,8.0,8.0,8.0,8.0,8.0
670,673,-72.9666,-41.3113,,,,,,
671,674,-72.3916,-41.1332,,,,,,
672,675,-72.9422,-41.4592,,,,,,
673,676,-72.8029,-41.4823,8.0,4.0,8.0,8.0,4.0,4.0
674,677,-72.9888,-41.4976,,,,,,
675,678,-72.9888,-41.4976,,,,,,
676,679,-73.03439999999999,-41.5126,7.0,7.0,3.0,8.0,8.0,8.0
677,680,-72.95299999999999,-41.4711,,,,,,
678,681,-72.95299999999999,-41.4711,,,,,,
679,682,-72.9421,-41.4578,,,,,,
680,683,-72.9421,-41.4578,,,,,,
681,684,-73.13,-41.743,8.0,7.0,8.0,8.0,8.0,8.0
682,685,-73.1194,-41.7533,8.0,8.0,8.0,8.0,8.0,4.0
683,686,-73.1259,-41.755500000000005,7.0,7.0,8.0,8.0,8.0,8.0
684,687,-73.1261,-41.7558,7.0,7.0,8.0,8.0,8.0,8.0
685,688,-73.12299999999999,-41.7577,,,8.0,8.0,,8.0
686,689,-73.0375,-41.517,7.0,7.0,3.0,8.0,8.0,8.0
687,690,-73.0375,-41.517,7.0,7.0,3.0,8.0,8.0,8.0
688,691,-73.4939,-42.1328,8.0,8.0,8.0,8.0,8.0,8.0
689,692,-73.72579999999999,-40.582,11.0,12.0,2.0,2.0,1.0,2.0
690,693,-73.82509999999999,-41.385000000000005,7.0,7.0,8.0,8.0,8.0,8.0
691,694,-73.82509999999999,-41.385000000000005,7.0,7.0,8.0,8.0,8.0,8.0
692,695,-72.8894,-41.474,3.0,8.0,3.0,8.0,8.0,8.0
693,696,-74.2837289,-43.3125986,8.0,8.0,8.0,8.0,8.0,8.0
694,697,-74.12146419999999,-43.34946243,7.0,7.0,8.0,8.0,8.0,8.0
695,698,-74.1180648,-42.69960244,8.0,8.0,8.0,8.0,8.0,8.0
696,699,-74.1121986,-42.58022502,8.0,8.0,8.0,8.0,8.0,8.0
697,700,-74.1068933,-42.64260205,8.0,8.0,8.0,8.0,8.0,8.0
698,701,-74.068693,-42.63363784,,,,,,
699,702,-74.0263473,-42.65138156,,,,,,
700,703,-74.0029503,-42.65485658,8.0,8.0,8.0,8.0,8.0,8.0
701,704,-74.00221739999999,-42.654904300000005,8.0,8.0,8.0,8.0,8.0,8.0
702,705,-73.99377249999999,-42.65572271,8.0,8.0,8.0,8.0,8.0,8.0
703,706,-73.98715449999999,-42.65825854,8.0,8.0,8.0,8.0,8.0,8.0
704,707,-73.9155,-42.0263,8.0,8.0,8.0,8.0,8.0,8.0
705,708,-73.8712419,-42.65597831,8.0,8.0,8.0,8.0,8.0,8.0
706,709,-73.82509999999999,-41.385000000000005,7.0,7.0,8.0,8.0,8.0,8.0
707,710,-73.82509999999999,-41.385000000000005,7.0,7.0,8.0,8.0,8.0,8.0
708,711,-73.82507059999999,-41.384981880000005,7.0,7.0,8.0,8.0,8.0,8.0
709,712,-73.82504879999999,-41.38352246,7.0,7.0,8.0,8.0,8.0,8.0
710,713,-73.82504879999999,-41.38352246,7.0,7.0,8.0,8.0,8.0,8.0
711,714,-73.82094459999999,-41.92736687,3.0,3.0,7.0,7.0,7.0,7.0
712,715,-73.82093359999999,-41.92731272,3.0,3.0,7.0,7.0,7.0,7.0
713,716,-73.82092089999999,-41.92734862,3.0,3.0,7.0,7.0,7.0,7.0
714,717,-73.82088519999999,-41.927321240000005,3.0,3.0,7.0,7.0,7.0,7.0
715,718,-73.81864979999999,-41.92291225,7.0,7.0,7.0,7.0,7.0,7.0
716,719,-73.817809,-41.92272354,8.0,8.0,7.0,7.0,6.0,7.0
717,720,-73.81626729999999,-41.85348291,,,8.0,8.0,,8.0
718,721,-73.81534889999999,-42.85547171,8.0,8.0,8.0,8.0,8.0,8.0
719,722,-73.81119919999999,-41.94890995,3.0,3.0,7.0,7.0,6.0,7.0
720,723,-73.7997417,-42.56664326,3.0,7.0,3.0,8.0,8.0,8.0
721,724,-73.77892709999999,-42.73021647,8.0,7.0,8.0,8.0,8.0,8.0
722,725,-73.7788791,-40.6983028,3.0,3.0,2.0,2.0,2.0,2.0
723,726,-73.77879999999999,-40.6986,3.0,3.0,2.0,2.0,2.0,2.0
724,727,-73.77768169999999,-42.703835600000005,8.0,8.0,8.0,8.0,4.0,8.0
725,728,-73.77743219999999,-42.75363249,8.0,4.0,8.0,8.0,4.0,4.0
726,729,-73.77736519999999,-42.75894491,8.0,4.0,8.0,4.0,4.0,4.0
727,730,-73.7755165,-42.45860021,3.0,7.0,3.0,8.0,8.0,8.0
728,731,-73.772025,-42.462994,3.0,7.0,3.0,3.0,8.0,8.0
729,732,-73.77192559999999,-42.46311901,3.0,7.0,3.0,3.0,8.0,8.0
730,733,-73.76923199999999,-42.45648,7.0,7.0,3.0,8.0,8.0,8.0
731,734,-73.7691081,-42.4566139,7.0,7.0,3.0,8.0,8.0,8.0
732,735,-73.76598999999999,-42.455358,7.0,7.0,3.0,3.0,8.0,8.0
733,736,-73.7659169,-42.45558922,7.0,7.0,3.0,3.0,8.0,8.0
734,737,-73.7639153,-42.45967444,7.0,7.0,3.0,8.0,8.0,8.0
735,738,-73.76373299999999,-42.458042,7.0,7.0,3.0,8.0,8.0,8.0
736,739,-73.76265509999999,-42.47187273,7.0,7.0,3.0,3.0,8.0,8.0
737,740,-73.762576,-42.471575,7.0,7.0,3.0,3.0,8.0,8.0
738,741,-73.7527643,-42.46319292,3.0,3.0,3.0,3.0,3.0,3.0
739,742,-73.7519518,-42.63680315,7.0,7.0,3.0,3.0,3.0,3.0
740,743,-73.75103999999999,-42.46673155,3.0,2.0,11.0,11.0,3.0,11.0
741,744,-73.75050929999999,-42.47081441,3.0,2.0,11.0,11.0,3.0,11.0
742,745,-73.750509,-42.470814,3.0,2.0,11.0,11.0,3.0,11.0
743,746,-73.7503146,-42.4714337,3.0,3.0,3.0,3.0,3.0,3.0
744,747,-73.750202,-42.472840000000005,2.0,2.0,11.0,3.0,3.0,3.0
745,748,-73.74090729999999,-42.840860760000005,8.0,8.0,8.0,8.0,8.0,8.0
746,749,-73.734713,-40.59475628,8.0,8.0,7.0,7.0,6.0,7.0
747,750,-73.73469999999999,-40.5948,8.0,8.0,7.0,7.0,6.0,7.0
748,751,-73.73469999999999,-40.5948,8.0,8.0,7.0,7.0,6.0,7.0
749,752,-73.728506,-40.579171,11.0,12.0,2.0,2.0,2.0,2.0
750,753,-73.72579999999999,-40.582,11.0,12.0,2.0,2.0,1.0,2.0
751,754,-73.7257922,-40.582047030000005,11.0,12.0,2.0,2.0,1.0,2.0
752,755,-73.725792,-40.582047,11.0,12.0,2.0,2.0,1.0,2.0
753,756,-73.7206714,-40.58537807,11.0,12.0,2.0,2.0,1.0,2.0
754,757,-73.7199576,-40.58500088,11.0,12.0,2.0,2.0,1.0,2.0
755,758,-73.71926599999999,-40.9484585,8.0,8.0,8.0,8.0,7.0,8.0
756,759,-73.707743,-40.535256,3.0,3.0,2.0,2.0,1.0,2.0
757,760,-73.7077425,-40.535255760000005,3.0,3.0,2.0,2.0,1.0,2.0
758,761,-73.7067227,-40.540424380000005,11.0,12.0,3.0,3.0,2.0,2.0
759,762,-73.7067227,-40.540424380000005,11.0,12.0,3.0,3.0,2.0,2.0
760,763,-73.705631,-40.53065,3.0,3.0,3.0,3.0,2.0,3.0
761,764,-73.705186,-40.513949,3.0,3.0,2.0,2.0,1.0,2.0
762,765,-73.7036055,-43.07491027,8.0,8.0,8.0,8.0,8.0,8.0
763,766,-73.69860829999999,-42.26983399,3.0,8.0,3.0,3.0,8.0,8.0
764,767,-73.69297399999999,-42.25007423,8.0,8.0,8.0,8.0,8.0,8.0
765,768,-73.6912559,-42.89740063,8.0,8.0,8.0,8.0,8.0,8.0
766,769,-73.687777,-42.87353366,8.0,8.0,8.0,8.0,8.0,8.0
767,770,-73.6544345,-42.96136271,8.0,8.0,8.0,8.0,8.0,8.0
768,771,-73.65373439999999,-42.35763193,7.0,,8.0,8.0,8.0,8.0
769,772,-73.64831149999999,-42.36649339,7.0,7.0,8.0,8.0,8.0,8.0
770,773,-73.6457583,-42.37173189,7.0,7.0,8.0,8.0,8.0,8.0
771,774,-73.64293669999999,-42.36336837,7.0,7.0,8.0,8.0,8.0,8.0
772,775,-73.6428638,-42.359395930000005,7.0,7.0,8.0,8.0,8.0,8.0
773,776,-73.635972,-42.73989,7.0,7.0,8.0,8.0,8.0,8.0
774,777,-73.6342603,-42.74274243,7.0,7.0,8.0,8.0,8.0,8.0
775,778,-73.6201827,-41.3984,8.0,8.0,3.0,8.0,8.0,8.0
776,779,-73.6196499,-42.96832654,8.0,8.0,8.0,8.0,8.0,8.0
777,780,-73.61782149999999,-43.09835255,8.0,8.0,8.0,8.0,8.0,8.0
778,781,-73.6174987,-43.09905105,8.0,8.0,8.0,8.0,8.0,8.0
779,782,-73.6171901,-43.100758250000005,8.0,8.0,8.0,8.0,8.0,4.0
780,783,-73.617122,-43.099406720000005,8.0,8.0,8.0,8.0,8.0,8.0
781,784,-73.6170435,-43.09962189,8.0,8.0,8.0,8.0,8.0,8.0
782,785,-73.6170427,-43.10075648,8.0,8.0,8.0,8.0,8.0,4.0
783,786,-73.617025,-43.1009994,8.0,4.0,8.0,8.0,4.0,4.0
784,787,-73.61695689999999,-43.099647870000005,8.0,8.0,8.0,8.0,8.0,8.0
785,788,-73.6169218,-43.10011569,8.0,8.0,8.0,8.0,8.0,4.0
786,789,-73.6167816,-43.10088842,8.0,4.0,8.0,8.0,4.0,4.0
787,790,-73.616776,-43.101140480000005,8.0,4.0,8.0,8.0,4.0,4.0
788,791,-73.6164666,-43.10178511,8.0,4.0,8.0,8.0,4.0,4.0
789,792,-73.6163407,-43.10191867,8.0,8.0,8.0,8.0,4.0,4.0
790,793,-73.6163407,-43.10191867,8.0,8.0,8.0,8.0,4.0,4.0
791,794,-73.6163407,-43.10191867,8.0,8.0,8.0,8.0,4.0,4.0
792,795,-73.61321939999999,-42.9685105,8.0,8.0,8.0,8.0,8.0,8.0
793,796,-73.61119889999999,-42.812833860000005,8.0,8.0,8.0,8.0,8.0,8.0
794,797,-73.6109479,-42.96862723,8.0,8.0,8.0,8.0,8.0,8.0
795,798,-73.61058009999999,-42.9686228,8.0,8.0,8.0,8.0,8.0,8.0
796,799,-73.6104361,-43.11089738,8.0,8.0,8.0,8.0,8.0,8.0
797,800,-73.6101759,-42.96859992,8.0,8.0,8.0,8.0,4.0,8.0
798,801,-73.60733959999999,-42.96874579,8.0,8.0,8.0,8.0,8.0,8.0
799,802,-73.60454469999999,-42.96595647,8.0,8.0,8.0,8.0,8.0,8.0
800,803,-73.60022719999999,-42.96489557,7.0,7.0,8.0,8.0,8.0,8.0
801,804,-73.59900719999999,-42.4326025,7.0,7.0,8.0,8.0,8.0,8.0
802,805,-73.5979715,-42.964318850000005,8.0,8.0,8.0,8.0,8.0,8.0
803,806,-73.59631159999999,-42.96342517,8.0,8.0,8.0,8.0,8.0,8.0
804,807,-73.59592239999999,-42.96328536,8.0,8.0,8.0,8.0,8.0,8.0
805,808,-73.5953964,-42.96322492,8.0,8.0,8.0,8.0,8.0,8.0
806,809,-73.5947497,-40.56499864,8.0,8.0,6.0,6.0,7.0,6.0
807,810,-73.5932457,-42.42868698,7.0,7.0,8.0,8.0,4.0,8.0
808,811,-73.58725899999999,-43.11006626,8.0,8.0,8.0,8.0,8.0,8.0
809,812,-73.5855431,-42.96025886,,,8.0,8.0,,8.0
810,813,-73.58547499999999,-43.11013442,8.0,8.0,8.0,8.0,8.0,8.0
811,814,-73.5853406,-42.96053553,,,8.0,8.0,,8.0
812,815,-73.5852903,-43.11015016,8.0,8.0,8.0,8.0,4.0,8.0
813,816,-73.58463839999999,-43.11016917,8.0,8.0,8.0,8.0,4.0,8.0
814,817,-73.5842971,-43.11003891,8.0,8.0,8.0,8.0,8.0,8.0
815,818,-73.584282,-43.11016479,8.0,8.0,8.0,8.0,8.0,8.0
816,819,-73.5840235,-43.11017962,8.0,8.0,8.0,8.0,8.0,8.0
817,820,-73.5840004,-43.1101163,8.0,8.0,8.0,8.0,8.0,8.0
818,821,-73.5837892,-43.11021276,8.0,8.0,8.0,8.0,8.0,8.0
819,822,-73.5834215,-43.11016322,8.0,8.0,8.0,8.0,8.0,8.0
820,823,-73.5832128,-43.11015165,8.0,8.0,8.0,8.0,8.0,8.0
821,824,-73.5830652,-43.11015884,8.0,8.0,8.0,8.0,8.0,8.0
822,825,-73.5830637,-43.11022185,8.0,8.0,8.0,8.0,8.0,8.0
823,826,-73.5829548,-43.11014847,8.0,8.0,8.0,8.0,8.0,8.0
824,827,-73.5829285,-43.11022019,8.0,8.0,8.0,8.0,8.0,8.0
825,828,-73.5829285,-43.11022019,8.0,8.0,8.0,8.0,8.0,8.0
826,829,-73.5827319,-43.11021777,8.0,8.0,8.0,8.0,8.0,8.0
827,830,-73.582684,-43.110163150000005,8.0,8.0,8.0,8.0,8.0,8.0
828,831,-73.58230239999999,-43.110185470000005,8.0,8.0,8.0,8.0,8.0,8.0
829,832,-73.5729039,-42.65804291,,,8.0,8.0,,8.0
830,833,-73.57215939999999,-42.85469913,7.0,7.0,8.0,8.0,8.0,4.0
831,834,-73.57067389999999,-42.6648774,,,8.0,8.0,,8.0
832,835,-73.5686006,-42.85881535,7.0,7.0,8.0,8.0,8.0,8.0
833,836,-73.56669409999999,-43.10846155,8.0,8.0,8.0,8.0,4.0,8.0
834,837,-73.56621949999999,-42.66701042,,,,,,
835,838,-73.5617934,-42.86520527,7.0,7.0,8.0,8.0,8.0,8.0
836,839,-73.5567734,-41.79582219,,,8.0,8.0,,8.0
837,840,-73.5485812,-43.00183417,8.0,8.0,8.0,8.0,8.0,8.0
838,841,-73.5466221,-43.00846407,8.0,8.0,8.0,8.0,8.0,8.0
839,842,-73.5399066,-42.27877998,8.0,8.0,8.0,8.0,8.0,8.0
840,843,-73.5381934,-42.99066287,,,8.0,8.0,,8.0
841,844,-73.5301198,-43.01607994,,,8.0,8.0,,8.0
842,845,-73.52255389999999,-42.87547901,7.0,7.0,8.0,8.0,8.0,8.0
843,846,-73.521096,-42.66765628,,,8.0,8.0,,8.0
844,847,-73.5153579,-42.93488258,8.0,8.0,8.0,8.0,8.0,8.0
845,848,-73.51076909999999,-42.6687571,,,8.0,8.0,,8.0
846,849,-73.50230309999999,-42.85749565,8.0,8.0,8.0,8.0,8.0,8.0
847,850,-73.4939411,-42.1328322,8.0,8.0,8.0,8.0,8.0,8.0
848,851,-73.4687865,-43.111001550000005,,,8.0,8.0,,8.0
849,852,-73.4682062,-42.13465515,,,8.0,8.0,,8.0
850,853,-73.468188,-42.134424,,,8.0,8.0,,8.0
851,854,-73.468088,-42.1345365,,,8.0,8.0,,8.0
852,855,-73.46776779999999,-42.878428580000005,8.0,8.0,8.0,8.0,8.0,8.0
853,856,-73.4668916,-42.163736400000005,7.0,7.0,8.0,8.0,8.0,8.0
854,857,-73.46317599999999,-42.126143,7.0,7.0,8.0,8.0,8.0,8.0
855,858,-73.46151259999999,-42.88228942,8.0,8.0,8.0,8.0,8.0,8.0
856,859,-73.461388,-42.13234,,,8.0,8.0,,8.0
857,860,-73.4251314,-42.91599874,8.0,8.0,8.0,8.0,8.0,8.0
858,861,-73.4225187,-42.1759812,7.0,7.0,8.0,8.0,8.0,8.0
859,862,-73.3680093,-42.30763731,8.0,8.0,8.0,8.0,8.0,8.0
860,863,-73.2270466,-40.34448129,3.0,8.0,7.0,7.0,7.0,7.0
861,864,-73.2144242,-40.344450300000005,3.0,8.0,3.0,7.0,7.0,7.0
862,865,-73.1557876,-40.55972624,3.0,3.0,2.0,2.0,1.0,2.0
863,866,-73.1300126,-41.74304996,8.0,7.0,8.0,8.0,8.0,8.0
864,867,-73.12983399999999,-41.743175,8.0,7.0,8.0,8.0,8.0,8.0
865,868,-73.1265444,-41.75566589,7.0,7.0,8.0,8.0,8.0,8.0
866,869,-73.1261071,-41.755811900000005,7.0,7.0,8.0,8.0,8.0,8.0
867,870,-73.12610699999999,-41.755812,7.0,7.0,8.0,8.0,8.0,8.0
868,871,-73.126088,-41.755682,7.0,7.0,8.0,8.0,8.0,8.0
869,872,-73.12599449999999,-41.75928658,7.0,7.0,8.0,8.0,8.0,8.0
870,873,-73.125936,-41.755494,7.0,7.0,8.0,8.0,8.0,8.0
871,874,-73.1259359,-41.755493900000005,7.0,7.0,8.0,8.0,8.0,8.0
872,875,-73.125737,-41.75878,,,8.0,8.0,,8.0
873,876,-73.1229733,-41.75767939,,,8.0,8.0,,8.0
874,877,-73.12225,-41.75732,,,8.0,8.0,,8.0
875,878,-73.1217379,-41.75755122,,,8.0,8.0,,8.0
876,879,-73.11939629999999,-41.75326204,8.0,8.0,8.0,8.0,8.0,4.0
877,880,-73.119334,-41.753259,8.0,8.0,8.0,8.0,8.0,4.0
878,881,-73.11770399999999,-41.753513000000005,8.0,8.0,8.0,8.0,8.0,8.0
879,882,-73.1175214,-41.75361877,8.0,8.0,8.0,8.0,8.0,8.0
880,883,-73.0968652,-40.5580367,2.0,2.0,2.0,2.0,2.0,2.0
881,884,-73.096728,-40.557863000000005,2.0,2.0,2.0,2.0,2.0,2.0
882,885,-73.03822299999999,-41.516882,7.0,7.0,3.0,8.0,8.0,8.0
883,886,-73.0375499,-41.51702558,7.0,7.0,3.0,8.0,8.0,8.0
884,887,-73.0344119,-41.51257693,7.0,7.0,3.0,8.0,8.0,8.0
885,888,-73.032348,-41.528943000000005,,,8.0,8.0,,8.0
886,889,-73.01897029999999,-41.12793821,,,,,,
887,890,-72.988681,-41.494476,3.0,8.0,3.0,3.0,8.0,8.0
888,891,-72.98861,-41.494476,3.0,8.0,3.0,3.0,8.0,8.0
889,892,-72.987916,-41.497228,,,,,,
890,893,-72.987641,-41.497253,,,,,,
891,894,-72.98757789999999,-41.49735089,,,,,,
892,895,-72.98750899999999,-41.497118,,,,,,
893,896,-72.98673099999999,-41.496841,8.0,8.0,8.0,8.0,8.0,8.0
894,897,-72.9867309,-41.496840760000005,8.0,8.0,8.0,8.0,8.0,8.0
895,898,-72.986333,-41.494938000000005,,,,,,
896,899,-72.9862019,-41.49495814,8.0,8.0,3.0,8.0,8.0,8.0
897,900,-72.983949,-41.30285,3.0,8.0,3.0,8.0,8.0,8.0
898,901,-72.98318959999999,-41.32999867,8.0,8.0,3.0,8.0,8.0,8.0
899,902,-72.9760383,-41.479991430000005,,,,,,
900,903,-72.97599659999999,-41.48326917,,,,,,
901,904,-72.9754681,-41.47983733,,,,,,
902,905,-72.97309609999999,-41.31124073,,,,,,
903,906,-72.9717824,-41.47508917,,,,,,
904,907,-72.9682807,-41.3158939,,,,,,
905,908,-72.9682797,-41.3105167,,,,,,
906,909,-72.96826399999999,-41.485016,,,,,,
907,910,-72.9682636,-41.48501586,,,,,,
908,911,-72.9682067,-41.310560460000005,,,,,,
909,912,-72.9679383,-41.474292080000005,,,,,,
910,913,-72.967928,-41.482335,,,,,,
911,914,-72.96706049999999,-41.47440273,,,,,,
912,915,-72.96663129999999,-41.48126735,,,,,,
913,916,-72.9665943,-41.31131572,,,,,,
914,917,-72.9664044,-41.48124534,,,,,,
915,918,-72.96631199999999,-41.311554,,,,,,
916,919,-72.96577939999999,-41.474001900000005,,,,,,
917,920,-72.965695,-41.47440572,,,,,,
918,921,-72.964929,-41.324068,,,,,,
919,922,-72.9644572,-41.4756899,,,,,,
920,923,-72.96293899999999,-31.476438,,,,,,
921,924,-72.960022,-41.471269,,,,,,
922,925,-72.9580675,-41.4750998,,,,,,
923,926,-72.9576257,-41.46164486,,,,,,
924,927,-72.95746679999999,-41.47094606,,,,,,
925,928,-72.95691459999999,-41.47136862,,,,,,
926,929,-72.9567682,-41.470725,,,,,,
927,930,-72.9530743,-41.469319160000005,,,,,,
928,931,-72.953053,-41.470769,,,,,,
929,932,-72.953019,-41.47108351,,,,,,
930,933,-72.9529651,-41.45827491,,,,,,
931,934,-72.95296499999999,-41.458275,,,,,,
932,935,-72.9529182,-41.47124385,,,,,,
933,936,-72.9528651,-41.47179232,,,,,,
934,937,-72.95271179999999,-41.4701864,,,,,,
935,938,-72.9524489,-41.459463670000005,,,,,,
936,939,-72.95220139999999,-41.46965496,,,,,,
937,940,-72.9520991,-41.47062588,,,,,,
938,941,-72.951436,-41.47076724,,,,,,
939,942,-72.9511474,-41.47118544,,,,,,
940,943,-72.9509709,-41.4661205,,,,,,
941,944,-72.95056079999999,-41.46430286,,,,,,
942,945,-72.9501719,-41.47250114,,,,,,
943,946,-72.950127,-41.47202299,,,,,,
944,947,-72.9500312,-41.471643,,,,,,
945,948,-72.9498737,-41.4640655,,,,,,
946,949,-72.9497707,-41.46391056,,,,,,
947,950,-72.949742,-41.46406317,,,,,,
948,951,-72.94900609999999,-41.4596548,,,,,,
949,952,-72.9489981,-41.47288561,,,,,,
950,953,-72.94623929999999,-41.46615358,,,,,,
951,954,-72.9460385,-41.46682552,,,,,,
952,955,-72.9434922,-41.45792656,,,,,,
953,956,-72.9430544,-41.45890051,,,,,,
954,957,-72.942967,-41.443398,8.0,8.0,3.0,8.0,8.0,8.0
955,958,-72.94281129999999,-41.45711284,,,,,,
956,959,-72.942776,-41.456338,,,,,,
957,960,-72.94275599999999,-41.455925,,,,,,
958,961,-72.942743,-41.458904,,,,,,
959,962,-72.9425509,-41.45587427,,,,,,
960,963,-72.942511,-41.45599966,,,,,,
961,964,-72.9424057,-41.45630401,,,,,,
962,965,-72.9423508,-41.45690649,,,,,,
963,966,-72.94225279999999,-41.4569768,,,,,,
964,967,-72.94224229999999,-41.45921029,,,,,,
965,968,-72.942242,-41.45921,,,,,,
966,969,-72.94210729999999,-41.45779382,,,,,,
967,970,-72.942107,-41.4578,,,,,,
968,971,-72.9420574,-41.46736714,,,,,,
969,972,-72.941938,-41.46583386,,,,,,
970,973,-72.94165199999999,-41.45475943,,,,,,
971,974,-72.9415648,-41.457910250000005,,,,,,
972,975,-72.9415492,-41.45498277,,,,,,
973,976,-72.9414831,-41.45480146,,,,,,
974,977,-72.9408692,-41.459465040000005,,,,,,
975,978,-72.9400852,-41.454704490000005,,,,,,
976,979,-72.94004799999999,-41.443355,,,,,,
977,980,-72.93973799999999,-41.45964302,,,,,,
978,981,-72.9394068,-41.45951102,,,,,,
979,982,-72.9380291,-41.45990977,,,,,,
980,983,-72.9355695,-41.45399342,,,,,,
981,984,-72.931491,-41.45309186,,,,,,
982,985,-72.93119899999999,-41.45399631,,,,,,
983,986,-72.93059749999999,-41.4593806,,,,,,
984,987,-72.92648949999999,-41.46053187,,,,,,
985,988,-72.9252327,-41.44881851,,,,,,
986,989,-72.9235023,-41.46108168,,,,,,
987,990,-72.92231729999999,-41.46369936,,,,,,
988,991,-72.9215194,-41.4639372,,,,,,
989,992,-72.9151083,-41.45618394,,,,,,
990,993,-72.91381659999999,-41.45538605,,,,,,
991,994,-72.91373809999999,-41.45597007,,,,,,
992,995,-72.9130959,-41.45583238,,,,,,
993,996,-72.9119789,-41.463810200000005,,,,,,
994,997,-72.9105948,-41.46290251,,,,,,
995,998,-72.90957039999999,-41.46273087,,,,,,
996,999,-72.90937799999999,-41.46275441,,,,,,
997,1000,-72.9080541,-41.45622756,,,,,,
998,1001,-72.9076376,-41.457643090000005,,,,,,
999,1002,-72.9071354,-41.455751580000005,,,,,,
1000,1003,-72.9066218,-41.456084530000005,,,,,,
1001,1004,-72.90603899999999,-41.45708273,,,,,,
1002,1005,-72.90588129999999,-41.467608770000005,,,,,,
1003,1006,-72.90133979999999,-41.47066971,3.0,8.0,3.0,8.0,8.0,8.0
1004,1007,-72.9010387,-41.47109656,8.0,8.0,8.0,8.0,8.0,8.0
1005,1008,-72.900398,-41.47165234,8.0,8.0,8.0,8.0,8.0,8.0
1006,1009,-72.89877709999999,-41.46507497,3.0,8.0,3.0,8.0,8.0,8.0
1007,1010,-72.8985299,-41.47313151,8.0,8.0,8.0,8.0,8.0,8.0
1008,1011,-72.89822,-41.4738284,3.0,8.0,3.0,8.0,8.0,8.0
1009,1012,-72.8980916,-41.47372698,3.0,8.0,3.0,8.0,8.0,8.0
1010,1013,-72.8979672,-41.47386883,3.0,8.0,3.0,8.0,8.0,8.0
1011,1014,-72.8979617,-41.474039860000005,8.0,8.0,3.0,8.0,8.0,8.0
1012,1015,-72.8978271,-41.47412748,8.0,8.0,3.0,8.0,8.0,8.0
1013,1016,-72.89233229999999,-41.4584457,3.0,8.0,3.0,8.0,8.0,8.0
1014,1017,-72.8894,-41.474,3.0,8.0,3.0,8.0,8.0,8.0
1015,1018,-72.8773263,-41.48762293,8.0,8.0,3.0,8.0,8.0,8.0
1016,1019,-72.8762726,-41.488711380000005,3.0,8.0,3.0,8.0,8.0,8.0
1017,1020,-72.875524,-41.489133,8.0,8.0,3.0,8.0,8.0,8.0
1018,1021,-72.873165,-41.488482000000005,3.0,8.0,3.0,8.0,8.0,8.0
1019,1022,-72.86565499999999,-41.48587672,3.0,8.0,3.0,8.0,8.0,8.0
1020,1023,-72.80323899999999,-41.381671,8.0,8.0,8.0,8.0,8.0,8.0
1021,1024,-72.80290579999999,-41.48232234,8.0,4.0,8.0,8.0,4.0,4.0
1022,1025,-72.80122499999999,-41.483867,8.0,8.0,8.0,8.0,8.0,8.0
1023,1026,-72.798778,-41.487846000000005,8.0,8.0,8.0,8.0,8.0,4.0
1024,1027,-72.798576,-41.48816627,8.0,8.0,8.0,8.0,8.0,8.0
1025,1028,-72.7978598,-41.48880109,8.0,8.0,8.0,8.0,8.0,8.0
1026,1029,-72.71058939999999,-41.29125299,8.0,8.0,8.0,8.0,8.0,8.0
1027,1030,-72.7088541,-41.29272274,8.0,8.0,8.0,8.0,8.0,8.0
1028,1031,-72.6885336,-42.42466017,8.0,8.0,8.0,8.0,8.0,8.0
1029,1032,-72.68340359999999,-41.3038431,8.0,8.0,8.0,8.0,8.0,8.0
1030,1033,-72.673008,-42.422375,8.0,4.0,8.0,8.0,4.0,4.0
1031,1034,-72.65979999999999,-42.915202,8.0,8.0,8.0,8.0,8.0,8.0
1032,1035,-72.643614,-42.903782,8.0,8.0,8.0,8.0,8.0,8.0
1033,1036,-72.6400558,-41.411991830000005,8.0,8.0,8.0,8.0,8.0,8.0
1034,1037,-72.6381655,-41.99988014,8.0,8.0,8.0,8.0,8.0,8.0
1035,1038,-72.6381069,-41.39404681,8.0,8.0,8.0,8.0,8.0,8.0
1036,1039,-72.63796789999999,-41.413147030000005,8.0,8.0,8.0,8.0,8.0,8.0
1037,1040,-72.63663299999999,-42.896262,8.0,8.0,8.0,8.0,8.0,8.0
1038,1041,-72.6323596,-41.68212649,8.0,8.0,8.0,8.0,8.0,4.0
1039,1042,-72.63210509999999,-41.38105341,8.0,8.0,8.0,8.0,8.0,8.0
1040,1043,-72.6319319,-41.40700699,8.0,8.0,8.0,8.0,8.0,8.0
1041,1044,-72.6310816,-41.38058209,8.0,8.0,8.0,8.0,8.0,8.0
1042,1045,-72.6223583,-41.0720444,3.0,8.0,3.0,8.0,7.0,8.0
1043,1046,-72.617875,-41.97762,8.0,4.0,8.0,8.0,4.0,4.0
1044,1047,-72.6155823,-41.9785124,8.0,8.0,8.0,8.0,8.0,8.0
1045,1048,-72.6066738,-41.957154890000005,8.0,8.0,8.0,8.0,8.0,8.0
1046,1049,-72.6066738,-41.957154890000005,8.0,8.0,8.0,8.0,8.0,8.0
1047,1050,-72.598079,-41.971736660000005,8.0,8.0,8.0,8.0,8.0,8.0
1048,1051,-72.598079,-41.971736660000005,8.0,8.0,8.0,8.0,8.0,8.0
1049,1052,-72.5869314,-41.125289460000005,8.0,8.0,8.0,8.0,8.0,8.0
1050,1053,-72.56865289999999,-41.38921891,8.0,4.0,4.0,4.0,4.0,4.0
1051,1054,-72.5652247,-41.38104975,8.0,4.0,8.0,8.0,8.0,8.0
1052,1055,-72.5641081,-41.394346940000005,8.0,4.0,4.0,4.0,4.0,4.0
1053,1056,-72.55828989999999,-41.390297190000005,8.0,8.0,8.0,8.0,8.0,8.0
1054,1057,-72.4941941,-41.71558313,,,,,,
1055,1058,-72.480429,-42.156109,,,8.0,8.0,,8.0
1056,1059,-72.4552454,-41.17435369,8.0,8.0,8.0,8.0,8.0,8.0
1057,1060,-72.4551613,-41.174369850000005,8.0,8.0,8.0,8.0,8.0,8.0
1058,1061,-72.4551553,-41.1742166,8.0,8.0,8.0,8.0,8.0,8.0
1059,1062,-72.45465159999999,-41.17244018,8.0,8.0,8.0,8.0,8.0,8.0
1060,1063,-72.45465159999999,-41.17244018,8.0,8.0,8.0,8.0,8.0,8.0
1061,1064,-72.451966,-41.17036348,8.0,8.0,8.0,8.0,8.0,8.0
1062,1065,-72.451966,-41.17036348,8.0,8.0,8.0,8.0,8.0,8.0
1063,1066,-72.444859,-42.127246,8.0,8.0,8.0,8.0,8.0,8.0
1064,1067,-72.440398,-41.106828,8.0,8.0,8.0,8.0,8.0,8.0
1065,1068,-72.438739,-42.100190000000005,8.0,8.0,8.0,8.0,8.0,8.0
1066,1069,-72.4366414,-43.20450401,,,,,,
1067,1070,-72.4207014,-41.13912792,8.0,8.0,8.0,8.0,8.0,8.0
1068,1071,-72.4205411,-41.13896222,8.0,8.0,8.0,8.0,8.0,8.0
1069,1072,-72.41511729999999,-43.35295775,4.0,4.0,4.0,4.0,4.0,4.0
1070,1073,-72.415117,-43.352958,4.0,4.0,4.0,4.0,4.0,4.0
1071,1074,-72.41135419999999,-41.1362259,8.0,8.0,8.0,8.0,8.0,8.0
1072,1075,-72.4112653,-41.13606178,8.0,8.0,8.0,8.0,8.0,8.0
1073,1076,-72.41028,-42.986431,8.0,8.0,8.0,8.0,8.0,8.0
1074,1077,-72.40271969999999,-41.133095950000005,3.0,8.0,3.0,3.0,8.0,8.0
1075,1078,-72.39361699999999,-41.143073,8.0,8.0,8.0,8.0,8.0,8.0
1076,1079,-72.39162359999999,-41.13318829,,,,,,
1077,1080,-72.390767,-41.966804,8.0,4.0,8.0,8.0,8.0,8.0
1078,1081,-72.390637,-41.12679824,,,,,,
1079,1082,-72.3622211,-43.37331828,8.0,8.0,8.0,8.0,8.0,8.0
1080,1083,-72.36222099999999,-43.373318000000005,8.0,8.0,8.0,8.0,8.0,8.0
1081,1084,-72.357722,-43.400245000000005,8.0,8.0,8.0,8.0,8.0,8.0
1082,1085,-72.3577219,-43.40024451,8.0,8.0,8.0,8.0,8.0,8.0
1083,1086,-72.3227021,-43.38604372,8.0,8.0,8.0,8.0,8.0,8.0
1084,1087,-72.2995373,-41.478046590000005,3.0,8.0,3.0,3.0,8.0,8.0
1085,1088,-72.29642899999999,-43.396292,4.0,4.0,4.0,4.0,4.0,4.0
1086,1089,-72.29642899999999,-43.396292,4.0,4.0,4.0,4.0,4.0,4.0
1087,1090,-72.279743,-41.422212,8.0,8.0,8.0,8.0,8.0,8.0
1088,1091,-72.24208,-40.65241301,8.0,8.0,8.0,8.0,8.0,8.0
1089,1092,-72.05189759999999,-43.34416094,8.0,8.0,8.0,8.0,8.0,8.0
1090,1093,-72.02044099999999,-40.673937,8.0,8.0,8.0,8.0,8.0,8.0
1091,1094,-71.9110099,-43.20202194,8.0,8.0,8.0,8.0,8.0,8.0
1092,1095,-71.784759,-43.606449000000005,8.0,8.0,8.0,8.0,8.0,8.0
1093,1096,-72.4084,-43.29792686,8.0,8.0,8.0,8.0,8.0,8.0
1094,1097,-72.66284698999999,-41.44223122,8.0,8.0,8.0,8.0,8.0,8.0
1095,1098,-72.89840181,-41.47339037,8.0,8.0,8.0,8.0,8.0,8.0
1096,1099,-72.94842269,-41.470992980000005,,,,,,
1097,1100,-72.94971484,-41.46378348,,,,,,
1098,1101,-72.966843,-41.311199,,,,,,
1099,1102,-72.97438029999999,-41.47976422,,,,,,
1100,1103,-72.97608487,-41.483513890000005,,,,,,
1101,1104,-72.98884034999999,-41.49759804,,,,,,
1102,1105,-72.98884034999999,-41.49759804,,,,,,
1103,1106,-73.019584,-41.125337,,,,,,
1104,1107,-73.54840069,-43.002732380000005,8.0,8.0,8.0,8.0,8.0,8.0
1105,1108,-73.54842674999999,-43.00319196,8.0,8.0,8.0,8.0,8.0,8.0
1106,1109,-73.54848398,-43.00231921,8.0,8.0,8.0,8.0,8.0,8.0
1107,1110,-73.57284806999999,-42.65620512,,,8.0,8.0,,8.0
1108,1111,-73.57443395,-42.8510532,7.0,7.0,8.0,8.0,8.0,4.0
1109,1112,-73.57458704,-43.10733483,8.0,8.0,8.0,8.0,4.0,4.0
1110,1113,-73.57495055999999,-42.65443004,,,8.0,8.0,,8.0
1111,1114,-73.60784633,-42.41270768,7.0,7.0,8.0,8.0,8.0,8.0
1112,1115,-73.61707846,-43.107402400000005,8.0,8.0,8.0,8.0,4.0,4.0
1113,1116,-73.64495584,-42.371767510000005,7.0,7.0,8.0,8.0,7.0,8.0
1114,1117,-73.74641684,-42.41572686,2.0,7.0,3.0,3.0,3.0,3.0
1115,1118,-73.748458,-42.459481,7.0,7.0,3.0,8.0,8.0,8.0
1116,1119,-73.77998457,-42.736774530000005,8.0,8.0,8.0,8.0,8.0,8.0
1117,1120,-73.79484542,-41.87090599,8.0,8.0,8.0,8.0,8.0,8.0
1118,1121,-73.82084816,-41.92736589,3.0,3.0,7.0,7.0,7.0,7.0
1119,1122,-73.91545683999999,-42.02634434,8.0,8.0,8.0,8.0,8.0,8.0
1120,1123,-74.03008496,-41.97656358,8.0,8.0,8.0,8.0,8.0,8.0
1121,1124,-73.765917,-42.455589,7.0,7.0,3.0,3.0,8.0,8.0
1122,1125,-73.201246,-39.9604,3.0,3.0,3.0,3.0,3.0,2.0
1123,1126,-73.19886,-39.391731,3.0,3.0,7.0,7.0,6.0,7.0
1124,1127,-73.199259,-39.391106,3.0,3.0,7.0,7.0,6.0,7.0
1125,1128,-72.22081899999999,-40.158873,8.0,8.0,8.0,8.0,8.0,8.0
1126,1129,-72.221406,-40.154655000000005,8.0,8.0,8.0,8.0,8.0,8.0
1127,1130,-72.22558599999999,-40.150747,8.0,8.0,8.0,8.0,8.0,8.0
1128,1131,-73.418593,-39.876828,,,7.0,7.0,,7.0
1129,1132,-73.55412899999999,-39.919873,,,7.0,7.0,,7.0
1130,1133,-72.950902,-40.330942,,,,,,
1131,1134,-73.082488,-39.798533,2.0,2.0,2.0,2.0,1.0,2.0
1132,1135,-73.389732,-39.865162000000005,7.0,7.0,7.0,7.0,6.0,7.0
1133,1136,-73.41707799999999,-39.862788,,,3.0,3.0,,3.0
1134,1137,-72.783458,-39.426570000000005,3.0,2.0,3.0,3.0,2.0,2.0
1135,1138,-72.783434,-39.425789,2.0,2.0,3.0,3.0,2.0,2.0
1136,1139,-72.782748,-39.425065,2.0,2.0,2.0,2.0,2.0,2.0
1137,1140,-72.781887,-39.423701,2.0,2.0,2.0,2.0,2.0,2.0
1138,1141,-72.78056699999999,-39.422601,11.0,12.0,2.0,2.0,2.0,2.0
1139,1142,-73.389506,-39.829599,3.0,7.0,7.0,7.0,6.0,6.0
1140,1143,-73.383673,-39.863258,2.0,1.0,2.0,2.0,1.0,2.0
1141,1144,-73.39067299999999,-39.828678,7.0,7.0,7.0,7.0,1.0,6.0
1142,1145,-72.318006,-40.113587,8.0,8.0,8.0,8.0,8.0,8.0
1143,1146,-73.389314,-39.863053,7.0,7.0,7.0,7.0,6.0,7.0
1144,1147,-73.354963,-39.853587000000005,3.0,3.0,2.0,2.0,1.0,2.0
1145,1148,-73.33966099999999,-39.849613000000005,11.0,3.0,2.0,2.0,2.0,2.0
1146,1149,-72.04263999999999,-39.575103,,,,,,
1147,1150,-73.0094,-36.9028,3.0,2.0,7.0,7.0,7.0,2.0
1148,1151,-73.1441,-37.089400000000005,3.0,2.0,2.0,2.0,2.0,2.0
1149,1152,-73.1391,-37.0835,3.0,2.0,2.0,2.0,2.0,2.0
1150,1153,-73.0059,-36.9185,2.0,2.0,7.0,2.0,7.0,2.0
1151,1154,-73.006,-36.9177,3.0,2.0,7.0,2.0,7.0,2.0
1152,1155,-73.0067,-36.9095,7.0,2.0,3.0,2.0,7.0,2.0
1153,1156,-73.01129999999999,-36.9033,3.0,7.0,7.0,7.0,7.0,7.0
1154,1157,-73.0321,-36.8283,3.0,3.0,2.0,2.0,2.0,2.0
1155,1158,-73.0299,-36.8022,,,,,,
1156,1159,-73.0272,-36.7979,,,,,,
1157,1160,-73.0897,-36.7566,,,,,,
1158,1161,-72.9802,-36.7331,3.0,3.0,3.0,2.0,3.0,2.0
1159,1162,-73.1061,-36.6974,7.0,7.0,8.0,8.0,7.0,8.0
1160,1163,-73.03099999999999,-36.8237,2.0,2.0,2.0,2.0,1.0,2.0
1161,1164,-73.1441,-37.089400000000005,3.0,2.0,2.0,2.0,2.0,2.0
1162,1165,-73.1391,-37.0835,3.0,2.0,2.0,2.0,2.0,2.0
1163,1166,-73.0059,-36.9185,2.0,2.0,7.0,2.0,7.0,2.0
1164,1167,-73.006,-36.9177,3.0,2.0,7.0,2.0,7.0,2.0
1165,1168,-73.0067,-36.9095,7.0,2.0,3.0,2.0,7.0,2.0
1166,1169,-73.01129999999999,-36.9033,3.0,7.0,7.0,7.0,7.0,7.0
1167,1170,-73.0321,-36.8283,3.0,3.0,2.0,2.0,2.0,2.0
1168,1171,-73.0299,-36.8022,,,,,,
1169,1172,-73.0272,-36.7979,,,,,,
1170,1173,-73.0897,-36.7566,,,,,,
1171,1174,-72.9802,-36.7331,3.0,3.0,3.0,2.0,3.0,2.0
1172,1175,-73.1061,-36.6974,7.0,7.0,8.0,8.0,7.0,8.0
1173,1176,-73.03099999999999,-36.8237,2.0,2.0,2.0,2.0,1.0,2.0
1174,1177,-73.6467,-37.6032,,,,,,
1175,1178,-73.6467,-37.6032,,,,,,
1176,1179,-73.6467,-37.6032,,,,,,
1177,1180,-73.6467,-37.6032,,,,,,
1178,1181,-73.4397,-37.275,3.0,3.0,2.0,2.0,3.0,2.0
1179,1182,-73.4397,-37.275,3.0,3.0,2.0,2.0,3.0,2.0
1180,1183,-73.4397,-37.275,3.0,3.0,2.0,2.0,3.0,2.0
1181,1184,-73.4397,-37.275,3.0,3.0,2.0,2.0,3.0,2.0
1182,1185,-72.94749999999999,-37.2043,3.0,2.0,3.0,3.0,2.0,3.0
1183,1186,-72.94749999999999,-37.2043,3.0,2.0,3.0,3.0,2.0,3.0
1184,1187,-72.94749999999999,-37.2043,3.0,2.0,3.0,3.0,2.0,3.0
1185,1188,-72.94749999999999,-37.2043,3.0,2.0,3.0,3.0,2.0,3.0
1186,1189,-73.17259999999999,-37.155,2.0,2.0,3.0,2.0,2.0,2.0
1187,1190,-73.17259999999999,-37.155,2.0,2.0,3.0,2.0,2.0,2.0
1188,1191,-73.17259999999999,-37.155,2.0,2.0,3.0,2.0,2.0,2.0
1189,1192,-73.17259999999999,-37.155,2.0,2.0,3.0,2.0,2.0,2.0
1190,1193,-73.13749999999999,-37.080000000000005,3.0,2.0,2.0,2.0,2.0,2.0
1191,1194,-73.13749999999999,-37.080000000000005,3.0,2.0,2.0,2.0,2.0,2.0
1192,1195,-73.13749999999999,-37.080000000000005,3.0,2.0,2.0,2.0,2.0,2.0
1193,1196,-73.13749999999999,-37.080000000000005,3.0,2.0,2.0,2.0,2.0,2.0
1194,1197,-72.9609,-36.9596,3.0,2.0,2.0,2.0,2.0,2.0
1195,1198,-72.9609,-36.9596,3.0,2.0,2.0,2.0,2.0,2.0
1196,1199,-72.9609,-36.9596,3.0,2.0,2.0,2.0,2.0,2.0
1197,1200,-72.9609,-36.9596,3.0,2.0,2.0,2.0,2.0,2.0
1198,1201,-72.99969999999999,-36.9309,7.0,7.0,7.0,6.0,7.0,6.0
1199,1202,-72.99969999999999,-36.9309,7.0,7.0,7.0,6.0,7.0,6.0
1200,1203,-72.99969999999999,-36.9309,7.0,7.0,7.0,6.0,7.0,6.0
1201,1204,-72.99969999999999,-36.9309,7.0,7.0,7.0,6.0,7.0,6.0
1202,1205,-73.6467,-37.6032,,,,,,
1203,1206,-73.6467,-37.6032,,,,,,
1204,1207,-73.6467,-37.6032,,,,,,
1205,1208,-73.6467,-37.6032,,,,,,
1206,1209,-73.4397,-37.275,3.0,3.0,2.0,2.0,3.0,2.0
1207,1210,-73.4397,-37.275,3.0,3.0,2.0,2.0,3.0,2.0
1208,1211,-73.4397,-37.275,3.0,3.0,2.0,2.0,3.0,2.0
1209,1212,-73.4397,-37.275,3.0,3.0,2.0,2.0,3.0,2.0
1210,1213,-72.94749999999999,-37.2043,3.0,2.0,3.0,3.0,2.0,3.0
1211,1214,-72.94749999999999,-37.2043,3.0,2.0,3.0,3.0,2.0,3.0
1212,1215,-72.94749999999999,-37.2043,3.0,2.0,3.0,3.0,2.0,3.0
1213,1216,-72.94749999999999,-37.2043,3.0,2.0,3.0,3.0,2.0,3.0
1214,1217,-73.17259999999999,-37.155,2.0,2.0,3.0,2.0,2.0,2.0
1215,1218,-73.17259999999999,-37.155,2.0,2.0,3.0,2.0,2.0,2.0
1216,1219,-73.17259999999999,-37.155,2.0,2.0,3.0,2.0,2.0,2.0
1217,1220,-73.17259999999999,-37.155,2.0,2.0,3.0,2.0,2.0,2.0
1218,1221,-73.13749999999999,-37.080000000000005,3.0,2.0,2.0,2.0,2.0,2.0
1219,1222,-73.13749999999999,-37.080000000000005,3.0,2.0,2.0,2.0,2.0,2.0
1220,1223,-73.13749999999999,-37.080000000000005,3.0,2.0,2.0,2.0,2.0,2.0
1221,1224,-73.13749999999999,-37.080000000000005,3.0,2.0,2.0,2.0,2.0,2.0
1222,1225,-72.9609,-36.9596,3.0,2.0,2.0,2.0,2.0,2.0
1223,1226,-72.9609,-36.9596,3.0,2.0,2.0,2.0,2.0,2.0
1224,1227,-72.9609,-36.9596,3.0,2.0,2.0,2.0,2.0,2.0
1225,1228,-72.9609,-36.9596,3.0,2.0,2.0,2.0,2.0,2.0
1226,1229,-72.99969999999999,-36.9309,7.0,7.0,7.0,6.0,7.0,6.0
1227,1230,-72.99969999999999,-36.9309,7.0,7.0,7.0,6.0,7.0,6.0
1228,1231,-72.99969999999999,-36.9309,7.0,7.0,7.0,6.0,7.0,6.0
1229,1232,-72.99969999999999,-36.9309,7.0,7.0,7.0,6.0,7.0,6.0
1230,1233,-73.0312,-36.8288,3.0,3.0,2.0,2.0,2.0,2.0
1231,1234,-72.9965,-36.732,,,8.0,7.0,,7.0
1232,1235,-73.0312,-36.8288,3.0,3.0,2.0,2.0,2.0,2.0
1233,1236,-72.9965,-36.732,,,8.0,7.0,,7.0
1234,1237,-73.003,-36.9147,3.0,2.0,3.0,2.0,7.0,2.0
1235,1238,-73.0067,-36.9095,7.0,2.0,3.0,2.0,7.0,2.0
1236,1239,-72.96809999999999,-36.583200000000005,7.0,2.0,3.0,3.0,2.0,3.0
1237,1240,-73.003,-36.9147,3.0,2.0,3.0,2.0,7.0,2.0
1238,1241,-73.0067,-36.9095,7.0,2.0,3.0,2.0,7.0,2.0
1239,1242,-72.96809999999999,-36.583200000000005,7.0,2.0,3.0,3.0,2.0,3.0
1240,1243,-73.0932,-36.7443,,,,,,
1241,1244,-73.0932,-36.7443,,,,,,
1242,1245,-73.0932,-36.7443,,,,,,
1243,1246,-73.0932,-36.7443,,,,,,
