,Unnamed: 0,Longitud,Latitud,Tex_Class.0-5cm.tif,Tex_Class.100-200cm.tif,Tex_Class.15-30cm.tif,Tex_Class.30-60cm.tif,Tex_Class.5-15cm.tif,Tex_Class.60-100cm.tif
0,0,-73.7855,-42.4686,,,,,,
1,1,-73.7855,-42.4686,,,,,,
2,2,-72.6983,-42.4087,8.0,8.0,8.0,8.0,8.0,8.0
3,3,-73.7889,-40.7083,3.0,3.0,2.0,2.0,2.0,2.0
4,4,-73.6047,-40.575,3.0,8.0,7.0,7.0,7.0,7.0
5,5,-72.6482,-42.0099,8.0,8.0,8.0,8.0,8.0,8.0
6,6,-73.136,-41.7693,7.0,7.0,8.0,8.0,8.0,8.0
7,7,-73.1317,-41.7676,7.0,7.0,8.0,8.0,8.0,8.0
8,8,-73.1275,-41.7636,8.0,7.0,8.0,8.0,4.0,4.0
9,9,-73.1365,-41.7657,,,,,,
10,10,-72.978264,-41.495016,3.0,8.0,3.0,3.0,8.0,8.0
11,11,-72.962965,-41.468275,,,,,,
12,12,-72.952511,-41.466,,,,,,
13,13,-72.9516,-41.4679,,,,,,
14,14,-72.323,-43.3966,8.0,8.0,8.0,8.0,8.0,8.0
15,15,-72.8086,-41.4982,8.0,8.0,8.0,8.0,8.0,8.0
16,16,-73.029,-41.1379,3.0,7.0,3.0,8.0,8.0,8.0
17,17,-73.7177,-40.5453,3.0,3.0,3.0,3.0,6.0,7.0
18,18,-73.7177,-40.5453,3.0,3.0,3.0,3.0,6.0,7.0
19,19,-73.7447,-40.6048,8.0,8.0,7.0,7.0,7.0,7.0
20,20,-73.7447,-40.6048,8.0,8.0,7.0,7.0,7.0,7.0
21,21,-73.9255,-42.0363,8.0,8.0,8.0,8.0,8.0,8.0
22,22,-72.9766,-41.3213,,,,,,
23,23,-72.4016,-41.1432,8.0,8.0,8.0,8.0,8.0,8.0
24,24,-72.9522,-41.4692,,,,,,
25,25,-72.8129,-41.4923,8.0,8.0,8.0,8.0,8.0,8.0
26,26,-72.9988,-41.5076,3.0,7.0,3.0,8.0,8.0,8.0
27,27,-73.0444,-41.5226,7.0,6.0,3.0,8.0,8.0,8.0
28,28,-72.963,-41.4811,,,,,,
29,29,-72.9521,-41.4678,,,,,,
30,30,-73.14,-41.753,7.0,7.0,8.0,8.0,8.0,8.0
31,31,-73.1294,-41.7633,7.0,7.0,8.0,8.0,8.0,8.0
32,32,-73.1359,-41.7655,7.0,7.0,8.0,8.0,8.0,8.0
33,33,-73.1361,-41.7658,7.0,7.0,8.0,8.0,8.0,8.0
34,34,-73.133,-41.7677,,,,,,
35,35,-73.0475,-41.527,3.0,7.0,3.0,8.0,8.0,8.0
36,36,-73.5039,-42.1428,8.0,8.0,8.0,8.0,8.0,8.0
37,37,-73.7358,-40.592,8.0,8.0,7.0,7.0,6.0,7.0
38,38,-73.8351,-41.395,7.0,7.0,8.0,8.0,8.0,8.0
39,39,-73.8351,-41.395,7.0,7.0,8.0,8.0,8.0,8.0
40,40,-72.8994,-41.484,8.0,8.0,8.0,8.0,8.0,8.0
41,41,-74.2937289,-43.3225986,8.0,8.0,8.0,8.0,8.0,8.0
42,42,-74.1314642,-43.35946243,8.0,7.0,8.0,8.0,8.0,8.0
43,43,-74.1280648,-42.70960244,8.0,8.0,8.0,8.0,8.0,8.0
44,44,-74.1221986,-42.59022502,8.0,8.0,8.0,8.0,8.0,8.0
45,45,-74.1168933,-42.65260205,8.0,8.0,8.0,8.0,8.0,8.0
46,46,-74.078693,-42.64363784,8.0,8.0,8.0,8.0,8.0,8.0
47,47,-74.0363473,-42.66138156,8.0,8.0,8.0,8.0,8.0,8.0
48,48,-74.0129503,-42.66485658,8.0,8.0,8.0,8.0,8.0,8.0
49,49,-74.0122174,-42.6649043,8.0,8.0,8.0,8.0,8.0,8.0
50,50,-74.0037725,-42.66572271,8.0,8.0,8.0,8.0,8.0,8.0
51,51,-73.9971545,-42.66825854,8.0,8.0,8.0,8.0,8.0,8.0
52,52,-73.8812419,-42.66597831,8.0,8.0,8.0,8.0,8.0,8.0
53,53,-73.8350706,-41.39498188,7.0,7.0,8.0,8.0,8.0,8.0
54,54,-73.8350488,-41.39352246,7.0,7.0,8.0,7.0,8.0,7.0
55,55,-73.8350488,-41.39352246,7.0,7.0,8.0,7.0,8.0,7.0
56,56,-73.8309446,-41.93736687,7.0,7.0,7.0,7.0,7.0,7.0
57,57,-73.8309336,-41.93731272,7.0,7.0,7.0,7.0,7.0,7.0
58,58,-73.8309209,-41.93734862,7.0,7.0,7.0,7.0,7.0,7.0
59,59,-73.8308852,-41.93732124,7.0,7.0,7.0,7.0,7.0,7.0
60,60,-73.8286498,-41.93291225,3.0,3.0,7.0,7.0,6.0,7.0
61,61,-73.827809,-41.93272354,3.0,3.0,7.0,7.0,6.0,7.0
62,62,-73.8262673,-41.86348291,,,,,,
63,63,-73.8253489,-42.86547171,8.0,8.0,8.0,8.0,8.0,8.0
64,64,-73.8211992,-41.95890995,7.0,7.0,7.0,7.0,7.0,7.0
65,65,-73.8097417,-42.57664326,3.0,8.0,3.0,8.0,8.0,8.0
66,66,-73.7889271,-42.74021647,8.0,8.0,8.0,8.0,8.0,8.0
67,67,-73.7888791,-40.7083028,3.0,3.0,2.0,2.0,2.0,2.0
68,68,-73.7888,-40.7086,3.0,3.0,2.0,2.0,2.0,2.0
69,69,-73.7876817,-42.7138356,7.0,7.0,8.0,8.0,4.0,4.0
70,70,-73.7874322,-42.76363249,8.0,4.0,8.0,8.0,4.0,4.0
71,71,-73.7873652,-42.76894491,8.0,4.0,8.0,8.0,4.0,4.0
72,72,-73.7855165,-42.46860021,,,,,,
73,73,-73.782025,-42.472994,2.0,7.0,3.0,3.0,3.0,3.0
74,74,-73.7819256,-42.47311901,2.0,7.0,3.0,3.0,3.0,3.0
75,75,-73.779232,-42.46648,,,,,,
76,76,-73.7791081,-42.4666139,,,,,,
77,77,-73.77599,-42.465358,3.0,7.0,3.0,3.0,8.0,8.0
78,78,-73.7759169,-42.46558922,3.0,7.0,3.0,3.0,8.0,8.0
79,79,-73.7739153,-42.46967444,,,,,,
80,80,-73.773733,-42.468042,,,,,,
81,81,-73.7726551,-42.48187273,,,,,,
82,82,-73.772576,-42.481575,,,,,,
83,83,-73.7627643,-42.47319292,7.0,7.0,3.0,3.0,3.0,8.0
84,84,-73.7619518,-42.64680315,3.0,3.0,3.0,3.0,3.0,3.0
85,85,-73.76104,-42.47673155,7.0,7.0,3.0,3.0,3.0,3.0
86,86,-73.7605093,-42.48081441,,,,,,
87,87,-73.760509,-42.480814,,,,,,
88,88,-73.7603146,-42.4814337,,,,,,
89,89,-73.760202,-7.080473333,,,3.0,3.0,,3.0
90,90,-73.7509073,-42.85086076,7.0,8.0,8.0,8.0,8.0,8.0
91,91,-73.744713,-40.60475628,8.0,8.0,7.0,7.0,7.0,7.0
92,92,-73.738506,-40.589171,8.0,8.0,7.0,7.0,6.0,7.0
93,93,-73.7357922,-40.59204703,8.0,8.0,7.0,7.0,6.0,7.0
94,94,-73.735792,-40.592047,8.0,8.0,7.0,7.0,6.0,7.0
95,95,-73.7306714,-40.59537807,3.0,3.0,2.0,2.0,2.0,2.0
96,96,-73.7299576,-40.59500088,3.0,3.0,2.0,2.0,2.0,2.0
97,97,-73.729266,-40.9584585,8.0,8.0,8.0,8.0,7.0,8.0
98,98,-73.717743,-40.545256,3.0,3.0,3.0,3.0,6.0,7.0
99,99,-73.7177425,-40.54525576,3.0,3.0,3.0,3.0,6.0,7.0
100,100,-73.7167227,-40.55042438,3.0,3.0,7.0,7.0,6.0,7.0
101,101,-73.7167227,-40.55042438,3.0,3.0,7.0,7.0,6.0,7.0
102,102,-73.715631,-40.54065,3.0,3.0,2.0,2.0,1.0,2.0
103,103,-73.715186,-40.523949,3.0,3.0,3.0,3.0,2.0,3.0
104,104,-73.7136055,-43.08491027,8.0,8.0,8.0,8.0,8.0,8.0
105,105,-73.7086083,-42.27983399,3.0,7.0,3.0,3.0,8.0,3.0
106,106,-73.702974,-42.26007423,3.0,3.0,3.0,3.0,3.0,3.0
107,107,-73.7012559,-42.90740063,8.0,8.0,8.0,8.0,8.0,8.0
108,108,-73.697777,-42.88353366,8.0,8.0,8.0,8.0,8.0,8.0
109,109,-73.6644345,-42.97136271,8.0,8.0,8.0,8.0,8.0,8.0
110,110,-73.6637344,-42.36763193,7.0,7.0,8.0,8.0,8.0,8.0
111,111,-73.6583115,-42.37649339,2.0,7.0,3.0,3.0,3.0,3.0
112,112,-73.6557583,-42.38173189,7.0,7.0,3.0,3.0,8.0,3.0
113,113,-73.6529367,-42.37336837,3.0,7.0,3.0,3.0,3.0,3.0
114,114,-73.6528638,-42.36939593,7.0,7.0,8.0,8.0,8.0,8.0
115,115,-73.645972,-42.74989,8.0,8.0,8.0,8.0,8.0,8.0
116,116,-73.6442603,-42.75274243,8.0,8.0,8.0,8.0,8.0,8.0
117,117,-73.6301827,-0.008027995,,,,,,
118,118,-73.6296499,-42.97832654,8.0,8.0,8.0,8.0,8.0,8.0
119,119,-73.6278215,-43.10835255,8.0,8.0,8.0,8.0,4.0,4.0
120,120,-73.6274987,-43.10905105,8.0,8.0,8.0,8.0,8.0,8.0
121,121,-73.6271901,-43.11075825,8.0,8.0,8.0,8.0,4.0,4.0
122,122,-73.627122,-43.10940672,8.0,8.0,8.0,8.0,4.0,4.0
123,123,-73.6270435,-43.10962189,8.0,8.0,8.0,8.0,4.0,4.0
124,124,-73.6270427,-43.11075648,8.0,8.0,8.0,8.0,4.0,4.0
125,125,-73.627025,-43.1109994,8.0,8.0,8.0,8.0,4.0,8.0
126,126,-73.6269569,-43.10964787,8.0,8.0,8.0,8.0,4.0,4.0
127,127,-73.6269218,-43.11011569,8.0,8.0,8.0,8.0,4.0,4.0
128,128,-73.6267816,-43.11088842,8.0,8.0,8.0,8.0,4.0,8.0
129,129,-73.626776,-43.11114048,8.0,8.0,8.0,8.0,4.0,8.0
130,130,-73.6264666,-43.11178511,8.0,8.0,8.0,8.0,4.0,8.0
131,131,-73.6263407,-43.11191867,,,,,,
132,132,-73.6232194,-42.9785105,8.0,8.0,8.0,8.0,8.0,8.0
133,133,-73.6211989,-42.82283386,7.0,7.0,7.0,7.0,8.0,7.0
134,134,-73.6209479,-42.97862723,8.0,8.0,8.0,8.0,8.0,8.0
135,135,-73.6205801,-42.9786228,8.0,8.0,8.0,8.0,8.0,8.0
136,136,-73.6204361,-43.12089738,8.0,8.0,8.0,8.0,4.0,4.0
137,137,-73.6201759,-42.97859992,8.0,8.0,8.0,8.0,8.0,8.0
138,138,-73.6173396,-42.97874579,8.0,8.0,8.0,8.0,8.0,8.0
139,139,-73.6145447,-42.97595647,8.0,8.0,8.0,8.0,8.0,8.0
140,140,-73.6102272,-42.97489557,8.0,8.0,8.0,8.0,8.0,8.0
141,141,-73.6090072,-42.4426025,7.0,7.0,8.0,8.0,8.0,8.0
142,142,-73.6079715,-42.97431885,7.0,7.0,8.0,8.0,8.0,8.0
143,143,-73.6063116,-42.97342517,7.0,7.0,8.0,8.0,8.0,8.0
144,144,-73.6059224,-42.97328536,8.0,8.0,8.0,8.0,8.0,8.0
145,145,-73.6053964,-42.97322492,8.0,8.0,8.0,8.0,8.0,8.0
146,146,-73.6047497,-40.57499864,3.0,8.0,7.0,7.0,7.0,7.0
147,147,-73.6032457,-42.43868698,7.0,7.0,8.0,8.0,8.0,8.0
148,148,-73.597259,-43.12006626,8.0,8.0,8.0,8.0,8.0,8.0
149,149,-73.5955431,-42.97025886,8.0,8.0,8.0,8.0,8.0,8.0
150,150,-73.595475,-43.12013442,8.0,8.0,8.0,8.0,8.0,8.0
151,151,-73.5953406,-42.97053553,8.0,8.0,8.0,8.0,8.0,8.0
152,152,-73.5952903,-43.12015016,8.0,8.0,8.0,8.0,8.0,8.0
153,153,-73.5946384,-43.12016917,8.0,8.0,8.0,8.0,8.0,8.0
154,154,-73.5942971,-43.12003891,8.0,8.0,8.0,8.0,8.0,8.0
155,155,-73.594282,-43.12016479,8.0,8.0,8.0,8.0,8.0,8.0
156,156,-73.5940235,-43.12017962,8.0,8.0,8.0,8.0,8.0,8.0
157,157,-73.5940004,-43.1201163,8.0,8.0,8.0,8.0,8.0,8.0
158,158,-73.5937892,-43.12021276,8.0,8.0,8.0,8.0,8.0,8.0
159,159,-73.5934215,-43.12016322,8.0,8.0,8.0,8.0,8.0,8.0
160,160,-73.5932128,-43.12015165,8.0,8.0,8.0,8.0,8.0,8.0
161,161,-73.5930652,-43.12015884,8.0,8.0,8.0,8.0,8.0,8.0
162,162,-73.5930637,-43.12022185,8.0,8.0,8.0,8.0,8.0,8.0
163,163,-73.5929548,-43.12014847,8.0,8.0,8.0,8.0,8.0,8.0
164,164,-73.5929285,-43.12022019,8.0,8.0,8.0,8.0,8.0,8.0
165,165,-73.5927319,-43.12021777,8.0,8.0,8.0,8.0,8.0,8.0
166,166,-73.592684,-43.12016315,8.0,8.0,8.0,8.0,8.0,8.0
167,167,-73.5923024,-43.12018547,8.0,8.0,8.0,8.0,8.0,8.0
168,168,-73.5829039,-42.66804291,7.0,7.0,8.0,8.0,8.0,8.0
169,169,-73.5821594,-42.86469913,7.0,7.0,8.0,8.0,8.0,8.0
170,170,-73.5806739,-42.6748774,7.0,7.0,8.0,8.0,8.0,8.0
171,171,-73.5786006,-42.86881535,7.0,7.0,8.0,8.0,8.0,8.0
172,172,-73.5766941,-43.11846155,8.0,8.0,8.0,8.0,8.0,8.0
173,173,-73.5762195,-42.67701042,7.0,7.0,8.0,8.0,8.0,8.0
174,174,-73.5717934,-42.87520527,7.0,7.0,8.0,8.0,8.0,8.0
175,175,-73.5667734,-41.80582219,7.0,7.0,8.0,8.0,8.0,8.0
176,176,-73.5585812,-43.01183417,8.0,8.0,8.0,8.0,8.0,8.0
177,177,-73.5566221,-43.01846407,8.0,8.0,8.0,8.0,8.0,8.0
178,178,-73.5499066,-42.28877998,8.0,8.0,8.0,8.0,8.0,8.0
179,179,-73.5481934,-43.00066287,8.0,8.0,8.0,8.0,8.0,8.0
180,180,-73.5401198,-43.02607994,8.0,8.0,8.0,8.0,8.0,8.0
181,181,-73.5325539,-42.88547901,8.0,8.0,8.0,8.0,8.0,8.0
182,182,-73.531096,-42.67765628,7.0,7.0,8.0,8.0,8.0,8.0
183,183,-73.5253579,-42.94488258,8.0,8.0,8.0,8.0,8.0,8.0
184,184,-73.5207691,-42.6787571,7.0,7.0,8.0,8.0,8.0,8.0
185,185,-73.5123031,-42.86749565,7.0,7.0,8.0,8.0,8.0,8.0
186,186,-73.5039411,-42.1428322,8.0,8.0,8.0,8.0,8.0,8.0
187,187,-73.4787865,-43.12100155,8.0,8.0,8.0,8.0,8.0,8.0
188,188,-73.4782062,-42.14465515,7.0,7.0,8.0,8.0,8.0,8.0
189,189,-73.478188,-42.144424,7.0,7.0,8.0,8.0,8.0,8.0
190,190,-73.478088,-42.1445365,7.0,7.0,8.0,8.0,8.0,8.0
191,191,-73.4777678,-42.88842858,8.0,8.0,8.0,8.0,8.0,8.0
192,192,-73.4768916,-42.1737364,7.0,7.0,8.0,8.0,8.0,8.0
193,193,-73.473176,-42.136143,7.0,7.0,8.0,8.0,8.0,8.0
194,194,-73.4715126,-42.89228942,8.0,8.0,8.0,8.0,8.0,8.0
195,195,-73.471388,-42.14234,7.0,7.0,8.0,8.0,8.0,8.0
196,196,-73.4351314,-42.92599874,8.0,8.0,8.0,8.0,8.0,8.0
197,197,-73.4325187,-42.1859812,8.0,8.0,8.0,8.0,4.0,8.0
198,198,-73.3780093,-42.31763731,8.0,8.0,8.0,8.0,8.0,8.0
199,199,-73.2370466,-40.35448129,2.0,2.0,2.0,2.0,2.0,2.0
200,200,-73.2244242,-40.3544503,3.0,2.0,2.0,2.0,2.0,2.0
201,201,-73.1657876,-40.56972624,10.0,11.0,1.0,1.0,1.0,1.0
202,202,-73.1400126,-41.75304996,7.0,7.0,8.0,8.0,8.0,8.0
203,203,-73.139834,-41.753175,7.0,7.0,8.0,8.0,8.0,8.0
204,204,-73.1365444,-41.76566589,,,,,,
205,205,-73.1361071,-41.7658119,7.0,7.0,8.0,8.0,8.0,8.0
206,206,-73.136107,-41.765812,7.0,7.0,8.0,8.0,8.0,8.0
207,207,-73.136088,-41.765682,7.0,7.0,8.0,8.0,8.0,8.0
208,208,-73.1359945,-41.76928658,7.0,7.0,8.0,8.0,8.0,8.0
209,209,-73.135936,-41.765494,7.0,7.0,8.0,8.0,8.0,8.0
210,210,-73.1359359,-41.7654939,7.0,7.0,8.0,8.0,8.0,8.0
211,211,-73.135737,-41.76878,7.0,7.0,8.0,8.0,8.0,8.0
212,212,-73.1329733,-41.76767939,,,,,,
213,213,-73.13225,-41.76732,7.0,7.0,8.0,8.0,8.0,8.0
214,214,-73.1317379,-41.76755122,7.0,7.0,8.0,8.0,8.0,8.0
215,215,-73.1293963,-41.76326204,7.0,7.0,8.0,8.0,8.0,8.0
216,216,-73.129334,-41.763259,7.0,7.0,8.0,8.0,8.0,8.0
217,217,-73.127704,-41.763513,8.0,7.0,8.0,8.0,4.0,4.0
218,218,-73.1275214,-41.76361877,8.0,7.0,8.0,8.0,4.0,4.0
219,219,-73.1068652,-40.5680367,,,,,,
220,220,-73.106728,-40.567863,,,,,,
221,221,-73.048223,-41.526882,3.0,7.0,3.0,8.0,8.0,8.0
222,222,-73.0475499,-41.52702558,3.0,7.0,3.0,8.0,8.0,8.0
223,223,-73.0444119,-41.52257693,7.0,6.0,3.0,8.0,8.0,8.0
224,224,-73.042348,-41.538943,7.0,7.0,8.0,8.0,8.0,8.0
225,225,-73.0289703,-41.13793821,3.0,7.0,3.0,8.0,8.0,8.0
226,226,-72.998681,-41.504476,8.0,8.0,8.0,8.0,8.0,8.0
227,227,-72.99861,-41.504476,8.0,8.0,8.0,8.0,8.0,8.0
228,228,-72.997916,-41.507228,8.0,7.0,3.0,8.0,8.0,8.0
229,229,-72.997641,-41.507253,8.0,7.0,3.0,8.0,8.0,8.0
230,230,-72.9975779,-41.50735089,8.0,7.0,3.0,8.0,8.0,8.0
231,231,-72.997509,-41.507118,8.0,7.0,3.0,8.0,8.0,8.0
232,232,-72.996731,-41.506841,8.0,8.0,8.0,8.0,8.0,8.0
233,233,-72.9967309,-41.50684076,8.0,8.0,8.0,8.0,8.0,8.0
234,234,-72.996333,-41.504938,3.0,8.0,3.0,8.0,8.0,8.0
235,235,-72.9962019,-41.50495814,8.0,7.0,8.0,8.0,8.0,8.0
236,236,-72.993949,-41.31285,,,,,,
237,237,-72.9931896,-41.33999867,3.0,8.0,3.0,8.0,8.0,8.0
238,238,-72.9830961,-41.32124073,,,,,,
239,239,-72.9782807,-41.3258939,3.0,8.0,3.0,8.0,8.0,8.0
240,240,-72.9782797,-41.3205167,,,,,,
241,241,-72.9782636,-41.49501586,3.0,8.0,3.0,3.0,8.0,8.0
242,242,-72.9782067,-41.32056046,,,,,,
243,243,-72.977928,-41.492335,3.0,8.0,3.0,8.0,8.0,8.0
244,244,-72.9766313,-41.49126735,3.0,8.0,3.0,8.0,8.0,8.0
245,245,-72.9765943,-41.32131572,,,,,,
246,246,-72.9764044,-41.49124534,3.0,8.0,3.0,8.0,8.0,8.0
247,247,-72.976312,-41.321554,,,,,,
248,248,-72.975695,-41.48440572,,,,,,
249,249,-72.974929,-41.334068,3.0,8.0,3.0,3.0,8.0,8.0
250,250,-72.972939,-31.486438,,,,,,
251,251,-72.970022,-41.481269,,,,,,
252,252,-72.9676257,-41.47164486,,,,,,
253,253,-72.9667682,-41.480725,,,,,,
254,254,-72.9630743,-41.47931916,,,,,,
255,255,-72.963019,-41.48108351,,,,,,
256,256,-72.9629651,-41.46827491,,,,,,
257,257,-72.9624489,-41.46946367,,,,,,
258,258,-72.9622014,-41.47965496,,,,,,
259,259,-72.9620991,-41.48062588,,,,,,
260,260,-72.9605608,-41.47430286,,,,,,
261,261,-72.9562393,-41.47615358,,,,,,
262,262,-72.9560385,-41.47682552,,,,,,
263,263,-72.952967,-41.453398,,,,,,
264,264,-72.9528113,-41.46711284,,,,,,
265,265,-72.952776,-41.466338,,,,,,
266,266,-72.952756,-41.465925,,,,,,
267,267,-72.952743,-41.468904,,,,,,
268,268,-72.9525509,-41.46587427,,,,,,
269,269,-72.952511,-41.46599966,,,,,,
270,270,-72.9522423,-41.46921029,,,,,,
271,271,-72.952242,-41.46921,,,,,,
272,272,-72.9521073,-41.46779382,,,,,,
273,273,-72.952107,-41.4678,,,,,,
274,274,-72.9520574,-41.47736714,,,,,,
275,275,-72.9515648,-41.46791025,,,,,,
276,276,-72.9514831,-41.46480146,,,,,,
277,277,-72.9508692,-41.46946504,,,,,,
278,278,-72.950048,-41.453355,,,,,,
279,279,-72.949738,-41.46964302,,,,,,
280,280,-72.9480291,-41.46990977,,,,,,
281,281,-72.941491,-41.46309186,,,,,,
282,282,-72.9405975,-41.4693806,,,,,,
283,283,-72.9364895,-41.47053187,,,,,,
284,284,-72.9352327,-41.45881851,,,,,,
285,285,-72.9238166,-41.46538605,,,,,,
286,286,-72.9237381,-41.46597007,,,,,,
287,287,-72.9230959,-41.46583238,,,,,,
288,288,-72.9205948,-41.47290251,,,,,,
289,289,-72.919378,-41.47275441,,,,,,
290,290,-72.9176376,-41.46764309,,,,,,
291,291,-72.910398,-41.48165234,8.0,8.0,8.0,8.0,8.0,8.0
292,292,-72.9085299,-41.48313151,8.0,8.0,8.0,8.0,8.0,8.0
293,293,-72.9079672,-41.48386883,8.0,8.0,8.0,8.0,8.0,8.0
294,294,-72.9079617,-41.48403986,8.0,8.0,8.0,8.0,8.0,8.0
295,295,-72.9078271,-41.48412748,8.0,8.0,8.0,8.0,8.0,8.0
296,296,-72.8873263,-41.49762293,8.0,8.0,8.0,8.0,8.0,8.0
297,297,-72.8862726,-41.49871138,8.0,8.0,8.0,8.0,8.0,8.0
298,298,-72.885524,-41.499133,8.0,8.0,8.0,8.0,8.0,8.0
299,299,-72.883165,-41.498482,8.0,8.0,8.0,8.0,8.0,8.0
300,300,-72.875655,-41.49587672,8.0,8.0,8.0,8.0,8.0,8.0
301,301,-72.813239,-41.391671,8.0,8.0,8.0,8.0,8.0,8.0
302,302,-72.8129058,-41.49232234,8.0,8.0,8.0,8.0,8.0,8.0
303,303,-72.811225,-41.493867,8.0,8.0,8.0,8.0,8.0,8.0
304,304,-72.808778,-41.497846,8.0,8.0,8.0,8.0,8.0,8.0
305,305,-72.808576,-41.49816627,8.0,8.0,8.0,8.0,8.0,8.0
306,306,-72.8078598,-41.49880109,8.0,8.0,8.0,8.0,8.0,8.0
307,307,-72.7205894,-41.30125299,8.0,8.0,8.0,8.0,8.0,8.0
308,308,-72.7188541,-41.30272274,8.0,8.0,8.0,8.0,8.0,8.0
309,309,-72.6985336,-42.43466017,8.0,8.0,8.0,8.0,8.0,4.0
310,310,-72.6934036,-41.3138431,8.0,8.0,8.0,8.0,8.0,8.0
311,311,-72.683008,-42.432375,8.0,4.0,8.0,8.0,8.0,4.0
312,312,-72.6698,-42.925202,8.0,8.0,8.0,8.0,8.0,8.0
313,313,-72.653614,-42.913782,8.0,8.0,8.0,8.0,8.0,8.0
314,314,-72.6500558,-41.42199183,8.0,8.0,8.0,8.0,8.0,8.0
315,315,-72.6481655,-42.00988014,8.0,8.0,8.0,8.0,8.0,8.0
316,316,-72.6481069,-41.40404681,8.0,8.0,8.0,8.0,8.0,8.0
317,317,-72.6479679,-41.42314703,8.0,8.0,8.0,8.0,4.0,4.0
318,318,-72.646633,-42.906262,8.0,8.0,8.0,8.0,8.0,8.0
319,319,-72.6423596,-41.69212649,8.0,8.0,8.0,8.0,8.0,8.0
320,320,-72.6421051,-41.39105341,8.0,8.0,8.0,8.0,8.0,8.0
321,321,-72.6419319,-41.41700699,8.0,4.0,8.0,8.0,8.0,8.0
322,322,-72.6410816,-41.39058209,8.0,8.0,8.0,8.0,8.0,8.0
323,323,-72.6323583,-41.0820444,3.0,8.0,8.0,8.0,8.0,8.0
324,324,-72.627875,-41.98762,8.0,8.0,8.0,8.0,8.0,8.0
325,325,-72.6255823,-41.9885124,8.0,8.0,8.0,8.0,8.0,8.0
326,326,-72.6166738,-41.96715489,8.0,8.0,8.0,8.0,8.0,8.0
327,327,-72.6166738,-41.96715489,8.0,8.0,8.0,8.0,8.0,8.0
328,328,-72.608079,-41.98173666,8.0,8.0,8.0,8.0,8.0,8.0
329,329,-72.608079,-41.98173666,8.0,8.0,8.0,8.0,8.0,8.0
330,330,-72.5969314,-41.13528946,8.0,8.0,8.0,8.0,8.0,8.0
331,331,-72.5786529,-41.39921891,8.0,8.0,8.0,8.0,8.0,8.0
332,332,-72.5752247,-41.39104975,4.0,4.0,8.0,8.0,4.0,4.0
333,333,-72.5741081,-41.40434694,8.0,8.0,8.0,8.0,8.0,8.0
334,334,-72.5682899,-41.40029719,8.0,8.0,8.0,8.0,8.0,8.0
335,335,-72.5041941,-41.72558313,8.0,8.0,8.0,8.0,8.0,8.0
336,336,-72.490429,-42.166109,8.0,8.0,8.0,8.0,8.0,8.0
337,337,-72.4652454,-41.18435369,3.0,8.0,3.0,8.0,8.0,8.0
338,338,-72.4651613,-41.18436985,3.0,8.0,3.0,8.0,8.0,8.0
339,339,-72.4651553,-41.1842166,3.0,8.0,3.0,8.0,8.0,8.0
340,340,-72.4646516,-41.18244018,8.0,8.0,3.0,8.0,8.0,8.0
341,341,-72.4646516,-41.18244018,8.0,8.0,3.0,8.0,8.0,8.0
342,342,-72.461966,-41.18036348,8.0,8.0,8.0,8.0,8.0,8.0
343,343,-72.461966,-41.18036348,8.0,8.0,8.0,8.0,8.0,8.0
344,344,-72.454859,-42.137246,8.0,8.0,8.0,8.0,8.0,8.0
345,345,-72.450398,-41.116828,8.0,8.0,8.0,8.0,8.0,4.0
346,346,-72.448739,-42.11019,8.0,8.0,8.0,8.0,8.0,8.0
347,347,-72.4466414,-43.21450401,8.0,8.0,8.0,8.0,8.0,8.0
348,348,-72.4307014,-41.14912792,8.0,8.0,8.0,8.0,8.0,8.0
349,349,-72.4305411,-41.14896222,8.0,8.0,8.0,8.0,8.0,8.0
350,350,-72.4251173,-43.36295775,8.0,8.0,8.0,8.0,7.0,8.0
351,351,-72.425117,-43.362958,8.0,8.0,8.0,8.0,7.0,8.0
352,352,-72.4213542,-41.1462259,8.0,8.0,8.0,8.0,8.0,8.0
353,353,-72.4212653,-41.14606178,8.0,8.0,8.0,8.0,8.0,8.0
354,354,-72.42028,-42.996431,8.0,8.0,8.0,8.0,8.0,8.0
355,355,-72.4127197,-41.14309595,8.0,8.0,8.0,8.0,8.0,8.0
356,356,-72.403617,-41.153073,8.0,8.0,8.0,8.0,8.0,4.0
357,357,-72.4016236,-41.14318829,8.0,8.0,8.0,8.0,8.0,8.0
358,358,-72.400767,-41.976804,8.0,4.0,8.0,8.0,8.0,8.0
359,359,-72.400637,-41.13679824,3.0,8.0,3.0,3.0,8.0,8.0
360,360,-72.3722211,-43.38331828,8.0,8.0,8.0,8.0,7.0,8.0
361,361,-72.372221,-43.383318,8.0,8.0,8.0,8.0,7.0,8.0
362,362,-72.367722,-43.410245,8.0,8.0,3.0,8.0,8.0,8.0
363,363,-72.3677219,-43.41024451,8.0,8.0,3.0,8.0,8.0,8.0
364,364,-72.3327021,-43.39604372,8.0,8.0,8.0,8.0,8.0,8.0
365,365,-72.3095373,-41.48804659,,,,,,
366,366,-72.306429,-43.406292,8.0,8.0,8.0,8.0,8.0,8.0
367,367,-72.306429,-43.406292,8.0,8.0,8.0,8.0,8.0,8.0
368,368,-72.289743,-41.432212,8.0,8.0,8.0,8.0,8.0,8.0
369,369,-72.25208,-40.66241301,8.0,8.0,8.0,8.0,8.0,8.0
370,370,-72.0618976,-43.35416094,8.0,8.0,8.0,8.0,8.0,8.0
371,371,-72.030441,-40.683937,8.0,8.0,8.0,8.0,8.0,8.0
372,372,-71.9210099,-43.21202194,8.0,8.0,8.0,8.0,8.0,8.0
373,373,-71.794759,-43.616449,3.0,8.0,3.0,3.0,3.0,8.0
374,374,-1.366384906,-43.30792686,,,,,,
375,375,-72.67284699,-41.45223122,8.0,8.0,8.0,8.0,8.0,8.0
376,376,-72.90840181,-41.48339037,8.0,8.0,8.0,8.0,8.0,8.0
377,377,-72.95842269,-41.48099298,,,,,,
378,378,-72.976843,-41.321199,,,,,,
379,379,-72.99884035,-41.50759804,3.0,7.0,3.0,8.0,8.0,8.0
380,380,-73.029584,-41.135337,,,,,,
381,381,-73.55840069,-43.01273238,8.0,8.0,8.0,8.0,8.0,8.0
382,382,-73.55842675,-43.01319196,8.0,8.0,8.0,8.0,8.0,8.0
383,383,-73.55848398,-43.01231921,8.0,8.0,8.0,8.0,8.0,8.0
384,384,-73.58284807,-42.66620512,7.0,7.0,8.0,8.0,8.0,8.0
385,385,-73.58443395,-42.8610532,7.0,7.0,7.0,8.0,8.0,8.0
386,386,-73.58458704,-43.11733483,8.0,8.0,8.0,8.0,8.0,8.0
387,387,-73.58495056,-42.66443004,7.0,7.0,8.0,8.0,8.0,8.0
388,388,-73.61784633,-42.42270768,7.0,7.0,8.0,8.0,8.0,8.0
389,389,-73.62707846,-43.1174024,,,,,,
390,390,-73.65495584,-42.38176751,7.0,7.0,3.0,3.0,8.0,8.0
391,391,-73.75641684,-42.42572686,7.0,7.0,3.0,8.0,8.0,8.0
392,392,-73.758458,-42.469481,3.0,7.0,3.0,3.0,3.0,3.0
393,393,-73.78998457,-42.74677453,8.0,8.0,8.0,8.0,8.0,8.0
394,394,-73.80484542,-41.88090599,,,,,,
395,395,-73.83084816,-41.93736589,7.0,7.0,7.0,7.0,7.0,7.0
396,396,-73.92545684,-42.03634434,8.0,8.0,8.0,8.0,8.0,8.0
397,397,-74.04008496,-41.98656358,8.0,8.0,8.0,8.0,8.0,8.0
398,398,-73.775917,-42.465589,3.0,7.0,3.0,3.0,8.0,8.0
399,399,-72.4135,-41.3659,8.0,8.0,8.0,8.0,8.0,8.0
400,400,-72.322984,-43.396627,8.0,8.0,8.0,8.0,8.0,8.0
401,401,-73.02897,-41.137938,3.0,7.0,3.0,8.0,8.0,8.0
402,402,-72.436558,-41.366184,8.0,8.0,8.0,8.0,8.0,8.0
403,403,-72.99319,-41.339999,3.0,8.0,3.0,8.0,8.0,8.0
404,404,-73.106865,-40.568037,,,,,,
405,405,-73.478088,-42.144537,7.0,7.0,8.0,8.0,8.0,8.0
406,406,-73.760202,-42.48284,,,,,,
407,407,-73.6301827,-41.4084,7.0,7.0,8.0,8.0,8.0,8.0
408,408,-72.4184,-43.30792686,8.0,8.0,8.0,8.0,8.0,8.0
409,409,-73.1541,-37.0994,,,,,,
410,410,-73.1491,-37.0935,,,,,,
411,411,-73.0159,-36.9285,3.0,3.0,3.0,2.0,2.0,2.0
412,412,-73.016,-36.9277,3.0,3.0,7.0,7.0,7.0,6.0
413,413,-73.0167,-36.9195,2.0,2.0,2.0,2.0,2.0,2.0
414,414,-73.0421,-36.8383,2.0,2.0,2.0,2.0,2.0,1.0
415,415,-73.0399,-36.8122,,,,,,
416,416,-73.0372,-36.8079,,,,,,
417,417,-73.0997,-36.7666,,,,,,
418,418,-73.1161,-36.7074,,,,,,
419,419,-73.041,-36.8337,2.0,2.0,2.0,2.0,2.0,1.0
420,420,-73.6567,-37.6132,,,,,,
421,421,-73.6567,-37.6132,,,,,,
422,422,-73.6567,-37.6132,,,,,,
423,423,-73.6567,-37.6132,,,,,,
424,424,-73.4497,-37.285,2.0,2.0,2.0,1.0,2.0,1.0
425,425,-73.4497,-37.285,2.0,2.0,2.0,1.0,2.0,1.0
426,426,-73.4497,-37.285,2.0,2.0,2.0,1.0,2.0,1.0
427,427,-73.4497,-37.285,2.0,2.0,2.0,1.0,2.0,1.0
428,428,-72.9575,-37.2143,3.0,3.0,3.0,3.0,3.0,3.0
429,429,-72.9575,-37.2143,3.0,3.0,3.0,3.0,3.0,3.0
430,430,-72.9575,-37.2143,3.0,3.0,3.0,3.0,3.0,3.0
431,431,-72.9575,-37.2143,3.0,3.0,3.0,3.0,3.0,3.0
432,432,-73.1826,-37.165,,,,,,
433,433,-73.1826,-37.165,,,,,,
434,434,-73.1826,-37.165,,,,,,
435,435,-73.1826,-37.165,,,,,,
436,436,-73.1475,-37.09,,,,,,
437,437,-73.1475,-37.09,,,,,,
438,438,-73.1475,-37.09,,,,,,
439,439,-73.1475,-37.09,,,,,,
440,440,-72.9709,-36.9696,3.0,3.0,2.0,2.0,2.0,2.0
441,441,-72.9709,-36.9696,3.0,3.0,2.0,2.0,2.0,2.0
442,442,-72.9709,-36.9696,3.0,3.0,2.0,2.0,2.0,2.0
443,443,-72.9709,-36.9696,3.0,3.0,2.0,2.0,2.0,2.0
444,444,-73.0097,-36.9409,,,,,,
445,445,-73.0097,-36.9409,,,,,,
446,446,-73.0097,-36.9409,,,,,,
447,447,-73.0097,-36.9409,,,,,,
448,448,-73.0412,-36.8388,2.0,2.0,2.0,2.0,2.0,1.0
449,449,-73.0065,-36.742,2.0,2.0,2.0,2.0,1.0,2.0
450,450,-73.0412,-36.8388,2.0,2.0,2.0,2.0,2.0,1.0
451,451,-73.0065,-36.742,2.0,2.0,2.0,2.0,1.0,2.0
452,452,-73.013,-36.9247,2.0,2.0,7.0,2.0,2.0,2.0
453,453,-73.0167,-36.9195,2.0,2.0,2.0,2.0,2.0,2.0
454,454,-72.9781,-36.5932,7.0,7.0,8.0,8.0,7.0,8.0
455,455,-73.013,-36.9247,2.0,2.0,7.0,2.0,2.0,2.0
456,456,-73.0167,-36.9195,2.0,2.0,2.0,2.0,2.0,2.0
457,457,-72.9781,-36.5932,7.0,7.0,8.0,8.0,7.0,8.0
