Longitud,Latitud
-72.260577996,-39.5975797899999
-72.254660917,-39.59873828599989
-72.258994817,-39.582146214999995
-72.272590767,-39.580482780999894
-72.2869315609999,-39.561471016
-72.294185751,-39.545223288
-72.298125081,-39.550199987999996
-72.311064088,-39.545766805
-72.38493748099991,-39.562399750999994
-72.3897285889999,-39.561580510999995
-72.410379059,-39.5578276849999
-72.415735872,-39.557847818999896
-72.378496429,-39.524347776999896
-71.870841657,-39.7263279639999
-71.875442295,-39.741099919
-72.034977435,-39.730190373
-72.03527446999999,-39.720486781
-72.0096237119999,-39.724961408999896
-72.0544732859999,-39.710520937999895
-72.022455193,-39.7238619299999
-72.02721203499999,-39.708934963999994
-72.0421410119999,-39.700688518999996
-72.04465682999991,-39.6991989739999
-72.094708616,-39.6948742499999
-72.1157169959999,-39.68847149
-72.161650862,-39.648511537
-72.14080029499999,-39.655493981999996
-72.179521594,-39.646331483999994
-72.187893999,-39.64867342699989
-72.220948994,-39.6729163589999
-72.187685298,-39.666189937999896
-72.33021050099991,-39.758380718999895
-72.33135030199999,-39.752729724999995
-72.323256589,-39.754827103
-72.31484927,-39.766538116999996
-72.27319813899999,-39.767384766
-72.27698324399991,-39.75391875
-72.2391755519999,-39.740738879
-72.28117254999991,-39.7985739869999
-72.2785933639999,-39.791635545
-72.326362403,-39.773549796999994
-72.331669826,-39.770528090999896
-72.3298924149999,-39.773066601
-72.348573113,-39.732610242
-72.4311562929999,-39.664943779999994
-72.013110582,-39.743691917
-72.027509093,-39.77314225
-72.684835833,-39.636543552999996
-72.6285515589999,-39.654511993
-72.61590622999991,-39.67213900699989
-72.7146781439999,-39.60884083199989
-72.750216471,-39.630717634999996
-72.6332734849999,-39.715049545999996
-72.638109602,-39.714166901999995
-72.7397870569999,-39.656730974999896
-72.77464882299991,-39.601308874999994
-72.723649,-39.620411999999995
-72.726341658,-39.620698604
-72.72938399899999,-39.621269999999996
-72.731252,-39.620642
-72.7365296619999,-39.619519952999894
-72.74582852,-39.616018346
-72.6673669999999,-39.6196139999999
-72.3280922599999,-39.7723345589999
-72.368183678,-39.7045566469999
-72.157568945,-39.6425001049999
-72.199073858,-39.635799602
-72.12877425799999,-39.645821856999994
-72.30206675399991,-39.542626135
-72.62706424,-39.656676530999896
-72.626649141,-39.656986135999894
-71.700748584,-40.3596717069999
-71.711410847,-40.387322942
-71.7065274829999,-40.386972787999994
-71.69951632499999,-40.384149152
-71.713351769,-40.349476382
-71.7242128929999,-40.34892880099989
-71.7227709479999,-40.347089984
-71.73556081,-40.391614536999896
-71.71520345,-40.385267109999994
-71.724524601,-40.372923959999994
-71.72425345799999,-40.3738986329999
-71.729309701,-40.372991584999994
-71.7476878419999,-40.3575610139999
-71.7421152579999,-40.36008686099989
-71.734951153,-40.354273457999994
-71.737816701,-40.3630972599999
-71.749099991,-40.365882038
-71.729920828,-40.354864836999994
-71.749136647,-40.402733813999994
-71.733276873,-40.4003634469999
-71.7425986259999,-40.374613402999884
-71.7462461319999,-40.383681362999994
-71.750180396,-40.408189373
-71.77029014600001,-40.422113046
-71.7719126479999,-40.4305629199999
-71.793492332,-40.415524288
-71.79156320299991,-40.42462160000001
-71.793318325,-40.429009762
-71.782110064,-40.432624708999995
-71.79125657399999,-40.410872777999884
-71.800131408,-40.402031060999896
-71.80838699899999,-40.415092390999995
-71.8004712739999,-40.43070568699989
-71.799074972,-40.38890378199989
-71.788245245,-40.392310734
-71.789719045,-40.384388214999895
-71.792787225,-40.376653450999996
-71.78659209199999,-40.3663602499999
-71.773234417,-40.370260718999994
-71.7596572849999,-40.39246028699989
-71.76925938,-40.324640083999896
-71.8199480909999,-40.345533779
-71.8129063539999,-40.3642212019999
-71.83951685,-40.418171574
-71.8003987659999,-40.3713901989999
-71.861129764,-40.42746596999989
-71.8825225309999,-40.4272941779999
-71.886643497,-40.43127386
-71.87921832699999,-40.4221381899999
-71.8762600159999,-40.416886183
-71.87605637499999,-40.412814145999896
-71.91041389499999,-40.432391222999996
-71.92293751,-40.43443878
-71.942429393,-40.435596128
-71.938689571,-40.438447073999896
-71.9572257669999,-40.41210224099989
-71.958092916,-40.407106993999896
-71.943878649,-40.419189904999996
-71.94363752,-40.428732030999996
-71.9406228439999,-40.427212817999994
-71.9231546499999,-40.395547517999894
-71.919676908,-40.39229038199989
-71.951425428,-40.3926055589999
-71.94739868699999,-40.390091295999994
-71.927527436,-40.3801659109999
-72.760902452,-40.140941632
-72.490495646,-40.077857672
-72.46670509399999,-40.069148236
-72.5013781209999,-40.3485445529999
-72.0491986049999,-40.426987704999995
-72.0507948369999,-40.419056366999996
-72.04642453,-40.417149062
-72.042347915,-40.406918751
-72.0435357699999,-40.4223546859999
-71.92236346600001,-40.440267680999995
-71.987313946,-40.426086336999894
-72.019288206,-40.367774103
-72.005956208,-40.357540101
-72.077431459,-40.4304064079999
-72.06193922999991,-40.403291360999894
-72.0781216239999,-40.407855960999996
-72.07993466699999,-40.419217511999996
-72.06914149899991,-40.406690102
-72.049719074,-40.3852290939999
-72.054121293,-40.389039452999896
-72.06446930299991,-40.38686804099989
-72.0414824419999,-40.3896315209999
-72.035865098,-40.3893010199999
-72.041221739,-40.402661165999994
-72.045309299,-40.412585416999896
-72.035651632,-40.414728804
-72.045933972,-40.367054248
-72.029732241,-40.3432524939999
-72.032047931,-40.362745657999994
-72.16732320199999,-40.235409982
-72.129564007,-40.2321170549999
-72.1310043659999,-40.259858286
-72.161692283,-40.260792779
-72.1168139749999,-40.266417987999894
-72.11253122399991,-40.28020206
-72.128084382,-40.287156841999895
-72.132334949,-40.277003752
-72.13707965399999,-40.275250306
-72.145837906,-40.261899565
-72.092486191,-40.337493542999994
-72.09831674499999,-40.34257180699989
-72.11304205100001,-40.352483459
-72.13184959899999,-40.355930437
-72.108976108,-40.3565949799999
-72.12486018299991,-40.362633408
-72.130550783,-40.373212691
-72.079470514,-40.352341837999994
-72.09375037199999,-40.359580816999994
-72.072442143,-40.344409417999884
-72.057145807,-40.342074280999896
-72.072508312,-40.336250283
-72.0639923679999,-40.32950579
-72.046753708,-40.327834841
-71.9810894229999,-40.381429063999995
-72.1579384459999,-40.255931816
-72.079753838,-40.301590595
-72.08456271999991,-40.31554289099989
-72.089751192,-40.3028311139999
-71.7020013649999,-40.352774268
-72.40865552,-39.993197902999896
-72.40035283399999,-39.991224734999896
-72.391289332,-39.98970875799989
-72.37114824,-40.072358707
-72.4636899379999,-40.045128530999996
-72.437730355,-40.04352931
-72.481420778,-39.993003404
-72.51250242100001,-40.05481509
-72.732496258,-39.979114388999896
-72.73406515799999,-39.975791234
-72.861431536,-39.921654425
-72.866525289,-39.9104426439999
-72.8912351389999,-40.0177228149999
-72.883206487,-39.903864336999895
-72.909007166,-39.970656041
-73.396859911,-39.810711807
-73.39942459699989,-39.823950476
-73.3583898359999,-39.933863752
-73.333916571,-39.934988897
-73.4527259819999,-39.978315793
-73.42476322499999,-39.96830218699989
-73.328291748,-39.973169988
-73.39794370199999,-39.984728331
-73.36801856399991,-39.99178543
-73.36138640499999,-39.9954329239999
-73.3554952099999,-40.000116305999995
-73.3565066029999,-39.9973000949999
-73.343691479,-40.030121431999994
-73.3472237769999,-40.035886516999994
-73.3613169869999,-40.033161711
-73.37535135399999,-40.020290339999995
-73.4012436239999,-40.015633216
-73.278020983,-40.024907012
-73.330283975,-40.05277154299989
-73.34434438199999,-40.059453727999994
-73.255666561,-40.046637567999994
-72.9812408329999,-39.90771597199989
-72.982750158,-39.912280132
-73.21388845899999,-40.080125728999995
-73.2160138519999,-40.08078546699989
-73.1992746119999,-40.085311684
-73.1834446279999,-40.128090222999894
-73.18533994699999,-40.088559364999995
-73.1751129089999,-40.1338921719999
-73.149154087,-39.975303288999896
-73.146483131,-39.975508403999996
-73.0273893729999,-39.892639052999996
-73.05367653,-40.05386395
-72.995216804,-39.9244839249999
-72.991728035,-39.924609663999895
-72.953438028,-40.002921957999895
-72.943699575,-40.0919245269999
-71.49411563199999,-40.158293115
-71.50175397299991,-40.169475371999994
-71.50522299899991,-40.167687625
-71.501793052,-40.1765019759999
-71.5087040929999,-40.173900714999895
-71.514832166,-40.197555337
-71.52488707399999,-40.186498742
-71.552614658,-40.181370449
-71.537998077,-40.20863064099989
-71.535438405,-40.210182317
-71.548276268,-40.226412362
-71.575643928,-40.17039892
-71.562109658,-40.205932368999996
-71.559046261,-40.19842766
-71.57293018399999,-40.213379227
-71.5762679319999,-40.214743836
-71.574255688,-40.193610387999996
-71.5720512879999,-40.1853554189999
-71.583653466,-40.181438703999895
-71.592499257,-40.1644124469999
-71.601898587,-40.1608112649999
-71.614806397,-40.164925706999895
-71.617653767,-40.160883264999995
-71.6224099459999,-40.150522494
-71.627295598,-40.139312714999896
-71.622151081,-40.169988921999895
-71.605136186,-40.178332724
-71.616237965,-40.174641058
-71.64260583699999,-40.235593302
-71.6394068659999,-40.221139656
-71.61830057899999,-40.181798644
-71.646765405,-40.1338997889999
-71.658139748,-40.305448551999994
-71.649362726,-40.3217350789999
-71.6780561579999,-40.348770427
-71.6754926669999,-40.3200295879999
-71.6814352959999,-40.312534692
-71.68566828499999,-40.305882028999996
-71.67818798099991,-40.233144872
-71.6875771479999,-40.223832709
-71.68238975,-40.186005587999894
-71.673781686,-40.150327835
-71.708700095,-40.120249236999996
-71.700033095,-40.128378244
-71.714129577,-40.16049635699989
-71.690097837,-40.17666890299989
-72.161214001,-40.205152086999995
-72.133575733,-40.215829021999994
-72.122171133,-40.224008371
-72.12995398899999,-40.213869355
-72.1312485879999,-40.206291601
-72.111085382,-40.217568828999894
-72.112513451,-40.178501475999894
-72.09389737799991,-40.1700969339999
-72.0958892569999,-40.204604741
-72.10663125099991,-40.210875248
-72.1026864299999,-40.249765917
-72.14984768399991,-40.1499209789999
-72.0784202519999,-40.0874998199999
-72.08750609399999,-40.145809056999894
-72.1064829739999,-40.141309633
-72.088636775,-40.1575153739999
-72.08010976999999,-40.173966164
-72.074554156,-40.158376512999894
-72.075802058,-40.153813858999996
-72.074082917,-40.196447815999996
-72.09812285299991,-40.1814505469999
-72.122376014,-40.218898263
-71.978815351,-40.032542281999895
-71.87296375,-40.113878909
-71.852745688,-40.09957789
-71.82889882799999,-40.102692538
-71.825579821,-40.120196557
-72.050635783,-40.084229567999884
-72.040043358,-40.08676826
-71.7897748619999,-40.12868553
-71.7665196889999,-40.178059762
-71.72315164,-40.134202318999996
-71.7315685889999,-40.129914232
-71.742325168,-40.167933291999994
-71.768012614,-40.183987613999996
-71.716072634,-40.208000731999896
-71.721755716,-40.202789874
-72.04933381699999,-40.198434043999896
-71.935659945,-40.285536125
-72.0550813669999,-40.167661368999994
-72.063972426,-40.167832616999995
-72.019085722,-40.1610117539999
-72.023536735,-40.157104318
-71.999791467,-40.158442404999896
-72.018959067,-40.173051266999884
-72.037221464,-40.170263157999884
-72.058484545,-40.174649197999884
-71.93987491399999,-40.179198375999995
-71.938957885,-40.1717556349999
-71.9193269949999,-40.1615222459999
-71.9312880959999,-40.174426655
-71.7491354209999,-40.337529290999896
-71.767342308,-40.202411946999995
-71.750529441,-40.217619735
-71.7467342889999,-40.221099021
-71.7411189159999,-40.21709825
-71.766261291,-40.221790731999995
-71.75355530499999,-40.223113391
-71.77880764,-40.213946478
-71.727327154,-40.2141698089999
-71.713468445,-40.232478009
-71.68863671999999,-40.245353009
-71.69148452399999,-40.2399558489999
-71.6897191849999,-40.253708904999996
-71.6950845049999,-40.262001641999994
-71.74497037399999,-40.244886132999994
-71.72592858499999,-40.241249286999896
-71.714622827,-40.245494939
-71.77172245899999,-40.264162168999995
-71.82911267499999,-40.155962501999994
-71.83110359399991,-40.15552322
-71.8207661159999,-40.228370258999995
-71.722958638,-40.277379630999995
-71.7106733409999,-40.287654571999894
-71.7116049639999,-40.3059195599999
-71.7581290209999,-40.2975918659999
-71.847021586,-40.198955648
-71.848955341,-40.19593222699989
-71.8431017669999,-40.189006971
-71.877229081,-40.2475722399999
-71.883611914,-40.279678092999994
-71.899218842,-40.310533686
-71.90638531099991,-40.312415849
-71.84805824600001,-40.16433017
-71.9254042269999,-40.3047332789999
-71.92802338999999,-40.280920437999896
-71.912333071,-40.265441964999994
-71.96578179,-40.274219839999894
-71.956742911,-40.257453526999996
-71.955436134,-40.250255599999896
-71.94906023499999,-40.2529167389999
-71.93378899299991,-40.2579185589999
-71.967762725,-40.215297019999994
-71.96229767,-40.235650887999896
-71.987900844,-40.245881163
-71.973396047,-40.228519497
-71.937906341,-40.199815361999995
-71.999549648,-40.225394144999996
-72.0802765989999,-40.228181743
-72.079230743,-40.216688242
-72.095659423,-40.245701474
-72.0098696799999,-40.229095338
-72.071059545,-40.250305559999894
-72.068966443,-40.257003438999895
-72.07755930399999,-40.2665069489999
-72.05184867999999,-40.252100596999995
-72.0718637579999,-40.26527590599989
-72.047297835,-40.245729075999996
-72.025471748,-40.226396847
-72.034552106,-40.184289377
-71.999033641,-40.24435162299989
-71.940352043,-40.165134376999895
-71.935685376,-40.139915134999995
-71.91444590100001,-40.200429727
-71.9049804479999,-40.224990045
-71.893858672,-40.234465658999994
-71.91142217,-40.2485071939999
-71.887544051,-40.2054383
-71.87221433799999,-40.193764703999996
-71.8761684839999,-40.2368385019999
-71.851039902,-40.149333686
-71.78249400600001,-40.17961114199989
-71.81860428899991,-40.14269173699989
-71.82652614199999,-40.215773434999896
-71.822566351,-40.17061732
-71.779567598,-40.198448690999896
-71.733985583,-40.149345536999995
-71.7561964809999,-40.135772947
-71.76219587899999,-40.145104021999884
-71.79813987899999,-40.216865263
-71.816922584,-40.1912244049999
-71.8710036849999,-40.1349882909999
-71.87222553699999,-40.119256365999895
-71.97240552699999,-40.178650643
-71.464880647,-40.146748239
-71.469827036,-40.145003702
-71.473314268,-40.140896673
-71.4705152489999,-40.137682582999894
-71.470334403,-40.136380648999996
-71.477595373,-40.13008746199989
-71.477641663,-40.1235197939999
-71.4747394019999,-40.114399139999996
-71.478846127,-40.145929984
-71.481882023,-40.124502416
-71.484551302,-40.121179678
-71.481028666,-40.1258373319999
-71.482170822,-40.103264595999995
-71.507779145,-40.091372012999884
-71.516240461,-40.085003278
-71.49335635399991,-40.091934093
-71.520850318,-40.108134654
-71.52514662,-40.107592083
-71.51744376699999,-40.129391739
-71.5454997959999,-40.115676744
-71.531623547,-40.109483954
-71.53069608299991,-40.139303059
-71.546611221,-40.140178018
-71.563632527,-40.132097838
-71.551949643,-40.135691367999996
-71.5672799219999,-40.123426361
-71.57310910199999,-40.1223678909999
-71.56761475399999,-40.117221132999994
-71.5660390519999,-40.114943899
-71.588858859,-40.0621245789999
-71.59815462899999,-40.057162000999995
-71.599382952,-40.0695537559999
-71.596408857,-40.071003884999996
-71.595600776,-40.0762208089999
-71.594772764,-40.073250304999995
-71.593293369,-40.087013623
-71.574339696,-40.112763314999995
-71.618627605,-40.125158150999994
-71.601222436,-40.099855727999994
-71.60471772,-40.103581174999995
-71.59870889899999,-40.09852944
-71.6046567809999,-40.054329214999996
-71.60302274600001,-40.057179211999994
-71.6046994589999,-40.06617317599989
-71.6056012979999,-40.038209693999995
-71.59980420899991,-40.050123156
-71.616989792,-40.044706563999995
-71.61805833,-39.981473926999996
-71.61372971399999,-39.982444029
-71.623920293,-39.976421796999894
-71.614775303,-39.946378779999996
-71.607776082,-39.922074794
-71.6138510479999,-39.925413238
-71.6195724559999,-39.9145097159999
-71.613407489,-39.9058411509999
-71.61939298499999,-39.922657095
-71.6292491839999,-39.892663946999896
-71.62741597599991,-39.8877634789999
-71.630078325,-39.838506814
-71.614914237,-39.826274493
-71.600362433,-39.778741284999995
-71.5984148589999,-39.771762157999895
-71.617249961,-39.756874855999996
-71.6134537669999,-39.782180325999896
-71.62651595,-39.790843157
-71.632779594,-39.804111850999895
-71.63015434100001,-39.803509457
-71.6324851949999,-40.129233066
-71.627055016,-40.112494962
-71.62795178,-40.088873318
-71.6256149269999,-40.086426358999994
-71.6386168819999,-40.057878214
-71.6328075859999,-40.0612273739999
-71.638249477,-40.05359062699989
-71.642668899,-40.051041014999896
-71.644627541,-40.048686915
-71.644979745,-40.045309419999995
-71.645012835,-40.042732441999995
-71.636518521,-40.020314035999895
-71.62701337600001,-40.027401559999994
-71.645199222,-40.0295047339999
-71.644254303,-40.027987679999995
-71.6475020189999,-39.996110926
-71.648672855,-39.9707706459999
-71.650073773,-39.947009961999996
-71.63408998999991,-39.917163683999895
-71.636980056,-39.857695684
-71.634630757,-39.849664223999994
-71.648996083,-39.828728770999994
-71.651685152,-39.807494182999896
-71.659813195,-39.755543603
-71.639843085,-39.721282306
-71.680859468,-39.71791863
-71.678450043,-39.756162927
-71.667132091,-39.8895878749999
-71.65540268699999,-39.911982789
-71.662211481,-39.924947806
-71.667125341,-39.91148577599989
-71.664317274,-39.923958903
-71.655742494,-39.930467207999996
-71.662496833,-39.938173025
-71.66113231199989,-39.931108726
-71.670737446,-39.930132199999896
-71.66114247899999,-39.946448536999995
-71.6551204899999,-39.948957302
-71.66180564199999,-39.973968502
-71.658349975,-39.990105522
-71.649413865,-40.03220232499989
-71.649762126,-40.0477858399999
-71.664874788,-40.069679011999995
-71.64894855,-40.080773478999895
-71.65562072899999,-40.102641209999895
-71.691923812,-39.760358264
-71.69073921100001,-39.771134177
-71.696001009,-39.806997887999884
-71.691682093,-39.809853194
-71.694455912,-39.871549959
-71.681360625,-39.893260973
-71.68223367899999,-39.925874043
-71.6802148519999,-39.969178969999994
-71.6815110909999,-40.000628213
-71.6849417329999,-40.021404190999995
-71.6936992329999,-40.037759238999996
-71.685619897,-40.048436869999996
-71.683950629,-40.0606116219999
-71.680557692,-40.108624967
-71.741636782,-39.719102797999994
-71.7489723899999,-39.721024136
-71.7292715719999,-39.738854972999896
-71.7480429239999,-39.778922705999896
-71.730591711,-39.767574447999884
-71.7140946529999,-39.793689889999996
-71.732098998,-39.797613190999996
-71.71294173899999,-39.83541574299989
-71.737011631,-39.844968296999994
-71.740810614,-40.052495897
-71.7091058389999,-40.021789711
-71.7115897309999,-40.08027576999989
-71.7060398629999,-40.036098650999996
-71.706937968,-40.0073691369999
-71.708029766,-39.960358287
-71.705018367,-39.954714124999896
-71.708157183,-39.938043271999895
-71.7031353029999,-39.904444803
-71.7052438269999,-39.8977622569999
-71.716853171,-39.857611325
-71.71032687599991,-39.858784449
-71.735241522,-40.073228381999996
-71.717584362,-40.070081349999896
-71.71346872799991,-40.0662488789999
-71.732564591,-40.067342409
-71.734123636,-40.057169496
-71.7197834519999,-40.002280593
-71.72779249899999,-39.918109703999896
-71.7370948329999,-39.9000839559999
-71.7381999139999,-39.823247636999895
-71.743001263,-39.804389672999896
-71.73762781399991,-39.7938069209999
-71.7362651279999,-39.789337610999894
-71.74917118399999,-39.782830358999895
-71.736153014,-39.738050212
-71.7653698119999,-39.780768306
-71.773570307,-39.787070600999996
-71.77080018799991,-39.793402041
-71.7687393459999,-39.79935492799989
-71.75759479199999,-39.800567900999994
-71.762465014,-39.7994345439999
-71.76138982399999,-39.8246745389999
-71.757931387,-39.9123710479999
-71.754999852,-39.933523636999894
-71.7574730049999,-39.9531959549999
-71.74779651899999,-39.9653148359999
-71.776442834,-40.104745543
-71.786700454,-40.0665330639999
-71.7731770769999,-40.06274724
-71.78218495499999,-40.049670735999996
-71.7823383569999,-39.972022796
-71.785123485,-39.9659159559999
-71.79130081,-39.920232545999994
-71.791991346,-39.910297414999896
-71.802443107,-39.899461451
-71.80209821199999,-39.89502982
-71.805493185,-39.890361733
-71.7895520279999,-39.880590528
-71.782779104,-39.8256297459999
-71.7996075299999,-39.795758049
-71.778477068,-39.785728465
-71.7867500289999,-39.7863981459999
-71.79165082,-39.7833171289999
-71.7857227099999,-39.769805461999994
-71.807152343,-39.754407574999895
-71.81295091,-39.835139797999894
-71.7992384019999,-39.8755298889999
-71.8183006899999,-39.872082770999896
-71.812697773,-39.882504176999994
-71.80270041,-39.920572727
-71.8003725449999,-39.916945433
-71.806640061,-39.939608473
-71.792605641,-40.018317022
-71.8368767049999,-39.783358875999994
-71.82991550999999,-39.774459195999896
-71.832031737,-39.7820979369999
-71.829361663,-39.830436707
-71.835662493,-39.867007056999995
-71.841498496,-39.867876978999895
-71.83290886399999,-39.896931781999996
-71.830720846,-39.914062089999895
-71.82638003299999,-39.941504656999996
-71.859183758,-39.988272505999994
-71.85847315699999,-39.919905197
-71.849499571,-39.913074185999896
-71.852237522,-39.905640643
-71.862640755,-39.894780768
-71.8633107199999,-39.885204650999995
-71.8458609469999,-39.868393739999995
-71.8614427099999,-39.863205621
-71.85777382399999,-39.795617834
-71.85711134499999,-39.79168264
-71.8874048219999,-39.811031518
-71.8730905299999,-39.814030458
-71.873028971,-39.818757956999896
-71.876210883,-39.821063253999995
-71.873358796,-39.915067234
-71.887609543,-39.906365087
-71.87631634499999,-39.952802729999995
-71.869688753,-40.045385354999894
-71.9058769749999,-39.909345509
-71.909745065,-39.822941089
-71.9055645549999,-39.88905241799989
-71.931524133,-39.988746927999884
-71.92652032699999,-39.97485011
-71.920489761,-39.962512861
-71.93453838799999,-39.845572352
-71.926926716,-39.830070492999994
-71.935918385,-39.775913028
-71.942932778,-40.010458362999884
-71.9469337029999,-40.005828136999995
-71.939193635,-39.989585409
-71.94639984999999,-39.970667227
-71.971185705,-39.805379804999994
-71.9700192279999,-39.8242497899999
-71.970019498,-39.834725915
-71.97884137399991,-39.900094675
-71.9962980979999,-39.910022088999995
-71.97293604,-39.955411161
-71.99503692599991,-39.982593873
-71.99141837399999,-39.973804647999884
-71.9959972499999,-39.8847929729999
-72.004375892,-39.880077371
-72.004197549,-39.874407138
-72.007209188,-39.781716569
-72.046777687,-39.817515779
-72.13306321,-39.86865593299989
-72.03961589899991,-39.86580788199989
-72.2579309329999,-39.852926255999996
-71.680530606,-39.95499312
-72.039256169,-39.937925125
-72.0391578099999,-39.937166121999894
-72.037733142,-39.9366997489999
-72.021185002,-39.99625909699989
-71.7533896409999,-40.089231696999896
-71.803339032,-40.068157856
-72.940584001,-39.810014998999996
-72.72349136,-39.8270160659999
-72.76801199899991,-39.803731
-72.954494727,-39.840681114999995
-72.94926809,-39.856678626999894
-72.95219544999999,-39.860716307
-72.8577962949999,-39.810127585
-72.863176298,-39.817911237
-72.765477565,-39.7667060909999
-73.195416212,-39.609459906999994
-73.15310451899991,-39.6606058409999
-72.864474047,-39.5973649149999
-73.185318803,-39.671502700999895
-73.182894398,-39.669685064
-73.18098557099991,-39.669316073999994
-73.187970127,-39.671125158
-73.1827562009999,-39.6690975289999
-73.194167362,-39.672616602999994
-73.19239527099991,-39.6688892009999
-73.18870128,-39.666045947
-73.206046019,-39.621120532999896
-73.1905021309999,-39.5782280609999
-73.1905027819999,-39.572687226999896
-73.190676352,-39.5702480579999
-73.19065379,-39.569211652
-73.18487531399991,-39.561689508
-73.18345936499999,-39.560097199
-73.18436351,-39.558114614999994
-73.177913904,-39.5494759859999
-73.1785854119999,-39.5461047149999
-72.938837999,-39.5405709999999
-73.1339018629999,-39.544976993999995
-73.146517351,-39.538175050999996
-73.103428657,-39.543093985999995
-73.1484282009999,-39.543281103
-73.167041738,-39.538559236
-73.160454628,-39.458790875999995
-73.1577755709999,-39.489124675999896
-73.145058071,-39.472789872
-73.124612111,-39.472163284
-73.122560171,-39.441311770999896
-73.1268068089999,-39.474942858
-73.024757799,-39.6879039669999
-73.0080980219999,-39.686341352999996
-73.001706004,-39.696440775999996
-72.984763425,-39.705770277999996
-73.0212402489999,-39.731661634
-73.015302676,-39.7367866499999
-73.023794465,-39.728826886
-73.0280291449999,-39.70936885
-72.93563891,-39.7966587769999
-72.941550635,-39.805429389
-72.952516095,-39.784127342
-72.957032713,-39.772073135
-72.951980351,-39.761416075999996
-72.941999805,-39.777625865999994
-72.937220826,-39.781981564
-72.99830546199999,-39.638684014
-72.978873385,-39.659362972
-72.95446209399991,-39.668175397
-72.946206292,-39.666061686999996
-72.93686118,-39.658857738
-72.992134434,-39.640930385999994
-72.951697766,-39.657041076999995
-72.960469671,-39.666496050999996
-72.95508418899999,-39.678554838
-72.95497987899991,-39.680264916999995
-72.957493372,-39.671115545999896
-72.9529088619999,-39.6698533969999
-72.9388001399999,-39.691348813
-72.94103693699999,-39.692537869
-72.898138362,-39.6734545149999
-72.886382231,-39.664810548999995
-72.8929027669999,-39.752215695999894
-72.86707256,-39.785715444999994
-72.865383137,-39.77087656799989
-72.891346367,-39.80353211
-72.9150503819999,-39.80291119299989
-72.87221851,-39.5693040689999
-72.902718045,-39.5614642509999
-72.887111491,-39.561856672999994
-72.9437980979999,-39.5570744839999
-72.958897915,-39.548485907999996
-73.07366867599991,-39.473381075
-73.04446755,-39.478745337
-73.0665330459999,-39.4915821159999
-73.043058176,-39.625667467
-73.042812234,-39.625231293999896
-73.01205915999999,-39.61981522199989
-73.19122692399999,-39.573679305
-72.992012174,-39.5300778599999
-72.9844369999999,-39.5300819989999
-72.983864,-39.530077000999995
-72.9877661569999,-39.570553759999996
-72.987251863,-39.570131298999996
-72.97969207399991,-39.56637317199989
-72.97613523199999,-39.5613621839999
-72.960137,-39.553439
-72.9487894749999,-39.548090845999994
-73.148906359,-39.6603859729999
-72.9489458779999,-39.53875967
-72.960284495,-39.5358497659999
-72.975408751,-39.530502728
-73.0281366559999,-39.56015882
-73.0181899669999,-39.576043174999995
-73.00347110899999,-39.611185232
-73.005537549,-39.622147016999996
-73.152582651,-39.66121041699989
-73.15591334199999,-39.662161262
-73.15781544799991,-39.66083681
-73.1645587089999,-39.662418695999996
-73.1642707719999,-39.659270320999894
-73.17816953899991,-39.668233631
-73.1859519169999,-39.674421536999894
-73.190925131,-39.672603355
-73.1881065699999,-39.659802277
-73.1899741549999,-39.650422420999995
-73.190978667,-39.646949725999896
-73.1955014869999,-39.63341718299989
-72.8109709989999,-39.6015569999999
-72.833413099,-39.610257100999895
-72.843791309,-39.613378583999996
-72.847294333,-39.613023190999996
-72.849461106,-39.609933475999995
-72.8925129779999,-39.6084782349999
-72.897754467,-39.60394259299989
-72.899467423,-39.60197062699989
-72.901862614,-39.599820607
-72.904917338,-39.596714418999994
-72.93859229899999,-39.604289773999994
-72.9458652969999,-39.606181074999995
-72.956928717,-39.607438497
-72.960866766,-39.60738388
-72.964192864,-39.605742826
-73.134129,-39.65546400000001
-73.1423270009999,-39.659730999
-73.150628364,-39.660624447
-73.201538,-39.6405349999999
-73.19971199999999,-39.6394489999999
-73.197412,-39.608055998999994
-73.191411999,-39.574272998999895
-73.1881699999999,-39.563486999999895
-73.156104,-39.47705
-73.150488,-39.465453999999994
-73.1469009999999,-39.46899
-73.1523172279999,-39.660439194999995
-72.946170001,-39.745529
-72.9460939999999,-39.745414
-72.954972,-39.74693799999989
-72.966576,-39.740967999999896
-72.966728,-39.7448800009999
-72.966748,-39.745982999999995
-72.93760400099991,-39.7070179999999
-72.93097900000002,-39.7159779999999
-72.9279569989999,-39.769796000999996
-72.93473018899999,-39.77549766799989
-72.94017,-39.7792909989999
-72.93954518,-39.7780491779999
-72.94177399899999,-39.8055629999999
-72.9410519999999,-39.804674
-72.8688,-39.794000999999994
-72.909953,-39.749103
-72.98719899999998,-39.570093
-72.978531,-39.562875
-72.97594100000002,-39.561253
-72.959316001,-39.552772999999895
-72.8859169999999,-39.604623999999895
-72.9032269999999,-39.598212
-72.9021679999999,-39.599341998999996
-72.8993359999999,-39.6020079999999
-72.89813499899999,-39.603645
-72.9272616059999,-39.5976310889999
-73.173369182,-39.663302634999994
-73.19107791,-39.65942983
-73.19081388699999,-39.651612475
-73.191164083,-39.647606704999994
-73.20232711999991,-39.640927014999995
-73.198944555,-39.6375282059999
-73.1963275899999,-39.6096018969999
-73.20340780699999,-39.519286998999995
-73.18683768399991,-39.494387075
-73.1838957299999,-39.494959202999894
-73.194463391,-39.672897928999994
-73.070096184,-39.629896361
-73.1167546889999,-39.642866102
-73.149125966,-39.4671110949999
-73.19649976699999,-39.609583001999994
-71.781196016,-39.24592469299989
-71.76342033,-39.251846652
-71.7554218069999,-39.2778778099999
-71.6908930549999,-39.261319928999995
-71.6617815979999,-39.271630326
-71.660055033,-39.274312312999996
-71.646326183,-39.268010188999995
-71.512764906,-39.349192630999994
-71.5146357029999,-39.352152946
-71.51636942100001,-39.3561364439999
-71.51338348399999,-39.424705691999996
-71.55526936899999,-39.432530994
-71.56480372,-39.460859876
-71.57149317199999,-39.453393872
-71.569851245,-39.452550247999994
-71.584355202,-39.446498672999894
-71.697588484,-39.45929535
-71.71700134,-39.4378740439999
-71.720039356,-39.4261771019999
-71.7015827809999,-39.398162561
-71.727625112,-39.388402199999994
-71.747815986,-39.370802004
-71.764897728,-39.350946553
-71.715841956,-39.353569768999996
-71.7033062089999,-39.349728602
-71.69717476,-39.3597646759999
-71.67423500299999,-39.3557855239999
-71.926633204,-39.373259712
-71.86693125899991,-39.3694933189999
-71.85523329899999,-39.37444902
-71.847946817,-39.3780814039999
-71.833106823,-39.381776890999895
-71.8496582659999,-39.376766673
-71.830207522,-39.384033345999995
-71.8272459189999,-39.386798277
-71.822861037,-39.3967563839999
-71.817365427,-39.398490581
-71.813562775,-39.400427078999996
-71.80675809499999,-39.40517844
-71.771624166,-39.415913833999994
-71.77294479199999,-39.416834879
-71.74680972499999,-39.413853008
-71.73115036499999,-39.414552881999896
-71.7955735889999,-39.422459659999895
-71.79796087199999,-39.42379427299989
-71.763223536,-39.424848454999896
-71.7510667069999,-39.430157691
-71.759778907,-39.435034445
-71.7512865999999,-39.435930893
-71.771894017,-39.4350041069999
-71.768496451,-39.436739538
-71.781047847,-39.436552950999896
-71.786233053,-39.439004964999995
-71.772686702,-39.4431721599999
-71.781454414,-39.444929022
-71.773649031,-39.450399006999994
-71.75904073699999,-39.449901874
-71.761834331,-39.450220081999994
-71.7657916789999,-39.450050583999996
-71.76922965999991,-39.451449616999994
-71.7866512999999,-39.451695566999895
-71.79859182899999,-39.447297815999896
-71.798571747,-39.455721026999996
-71.733946711,-39.4549080039999
-71.757723856,-39.4720830739999
-71.84158716099991,-39.460643266999995
-71.83708403899999,-39.461564304999996
-71.82065340000001,-39.45960323799989
-71.81669538999991,-39.460131362
-71.817030416,-39.47094136799989
-71.813679338,-39.479728075999894
-71.807491234,-39.483114377
-71.80280349,-39.484251629999896
-71.797621334,-39.494101684
-71.77241217899991,-39.5104062289999
-71.77354859399999,-39.509710512999895
-71.76117158699999,-39.513738415
-72.301172331,-39.540157994
-72.267066647,-39.552507833
-72.259286042,-39.56446319
-72.19211873399999,-39.586133202
-72.146244938,-39.594551341999995
-72.153340966,-39.5931370489999
-72.072110888,-39.603785157999994
-72.04213967199999,-39.615228243999994
-72.040472916,-39.609882758
-72.0477686079999,-39.589796682
-72.044248093,-39.584091938
-72.0263534579999,-39.600537671999994
-72.030217258,-39.573524326999994
-72.005770004,-39.59548534299989
-72.0205273399999,-39.562221392999895
-72.035168718,-39.542275743999994
-72.029864304,-39.545356129
-72.0019682179999,-39.514921101
-71.94177243499999,-39.530688506
-71.934127311,-39.543156302999996
-71.839926786,-39.5436730209999
-71.882370662,-39.58727164
-71.844768996,-39.569054879
-71.847590562,-39.5685862719999
-71.852721062,-39.57090571799989
-71.81784905699999,-39.58370488
-71.831237101,-39.684649656999994
-71.868500515,-39.715117058
-71.58929872,-39.544536564999994
-71.57020682299999,-39.5433455889999
-71.5724308099999,-39.567659754999994
-71.5529388139999,-39.55658448799989
-71.4902281769999,-39.559272089
-71.4852149439999,-39.57082886599989
-71.59208728499999,-39.619003201999995
-71.584403025,-39.621665246999896
-71.542344061,-39.627766367999996
-71.5043048479999,-39.61977777
-71.4944074049999,-39.638835467
-71.5874072819999,-39.647995881
-71.58204235899991,-39.6436387199999
-71.585967259,-39.6557324349999
-71.53157004099991,-39.656009184999895
-71.51901930899999,-39.647782508999995
-71.5901918269999,-39.667971906
-71.58479169499999,-39.6740561289999
-71.582165301,-39.676182058
-71.537643506,-39.66589199199989
-71.622389433,-39.677501191999994
-71.59887487,-39.70123647799989
-71.5920594829999,-39.736433092999896
-71.5878632589999,-39.75037944099989
-71.58802285499999,-39.768995094999994
-71.5902713999999,-39.775120869999995
-71.579636849,-39.7735294769999
-71.568701521,-39.774692183999896
-71.6007079879999,-39.788344394
-71.60436943099991,-39.793111063999895
-71.556918109,-39.793205426
-71.558661387,-39.800433350999995
-71.552223033,-39.8142246039999
-71.58923467199999,-39.83989431799989
-71.5609178,-39.856381903999996
-71.54737091999999,-39.858821037
-71.547910077,-39.8681494419999
-71.5340095759999,-39.872369985
-71.534803391,-39.883998459999994
-71.5407924779999,-39.883910854
-71.57200726099991,-39.88557264
-71.590344229,-39.875124346999996
-71.594626513,-39.873750937999894
-71.5380074229999,-39.751073074
-71.53881019899991,-39.752711581
-71.522015488,-39.751850694
-71.523151318,-39.7787086539999
-71.503758568,-39.751327976
-71.50148254999999,-39.7488137619999
-71.4983864969999,-39.738832858
-71.499337048,-39.725505706
-71.450801466,-39.7066190139999
-71.43370854199999,-39.707134863
-71.43886174399991,-39.754806189
-71.47822068699999,-39.709961170999996
-71.456948396,-39.714036132
-71.4542110789999,-39.713432256
-71.451791809,-39.712884095
-71.4500502229999,-39.712617656
-71.448823255,-39.712348438999996
-71.447070734,-39.709655687999884
-71.44347732399991,-39.708781568999996
-71.4289710739999,-39.704990370999894
-71.41572369899991,-39.700364291
-71.398864562,-39.703777705
-71.39789109399999,-39.7042068809999
-71.397757782,-39.7048727059999
-71.398378133,-39.7061917659999
-71.40146642799999,-39.707657319999896
-71.4020444449999,-39.708228100999996
-71.40389017899999,-39.7103043339999
-71.404505656,-39.7108794219999
-71.4050146219999,-39.713525002999994
-71.40612202399991,-39.715315526
-71.40868432099991,-39.7156551899999
-71.420556745,-39.719221536
-71.44934541799991,-39.751407105999995
-71.44491424499991,-39.749965083999996
-71.44316903799991,-39.7505462179999
-71.4405975019999,-39.750290723999996
-71.438824578,-39.750612787999884
-71.43220071099991,-39.749904128
-71.432902316,-39.749581907
-71.43259809,-39.748363706
-71.4319692119999,-39.747224945
-71.431316011,-39.746672266
-71.43033063899999,-39.7466135669999
-71.43001558899999,-39.745955284999994
-71.42852552399991,-39.744708761999895
-71.427169744,-39.744144971999894
-71.426033798,-39.7434081859999
-71.425248289,-39.743559172999994
-71.424815047,-39.743012043
-71.45594208600001,-39.764847311
-71.47916805399991,-39.769329991999996
-71.47628709899999,-39.771297001
-71.483468127,-39.785142515999894
-71.49192494100001,-39.812444123999995
-71.4902419479999,-39.824786816
-71.4904379969999,-39.83720572
-71.488905951,-39.841311821
-71.489448466,-39.843633403999895
-71.4860932709999,-39.854742030999894
-71.484732008,-39.858137654999894
-71.48240686899999,-39.85684035
-71.47731777199999,-39.859597171
-71.4762623229999,-39.86068484
-71.475410641,-39.861389132999996
-71.473210373,-39.86478192799989
-71.986649283,-39.529956926999894
-71.955076837,-39.553833229
-71.7245853589999,-39.651858313
-71.770478169,-39.59731952799989
-71.729030305,-39.52154467
-71.68807880899999,-39.5065323539999
-71.5941033289999,-39.548789917
-71.578311145,-39.538146893
-71.7198382229999,-39.426380342999884
-71.6995006549999,-39.32715366
-71.835510942,-39.381090623
-71.838363547,-39.380532853
-71.84162049899999,-39.379117586999996
-71.85244070899991,-39.37552220199989
-71.85681313399999,-39.3761860019999
-71.857409961,-39.3759788409999
-71.858524855,-39.372667508999996
-71.929766861,-39.476320732
-71.861029347,-39.497227196
-71.830654028,-39.505739502
-71.8172203669999,-39.444336191
-71.559726458,-39.674667363
-71.721034812,-39.309385606999996
-72.79778585999999,-39.136094420999996
-72.70546971499999,-39.220303482999896
-72.70460304399991,-39.220540135
-72.76743957,-39.232349862
-72.76691215399991,-39.2341065159999
-72.730191098,-39.2331703199999
-72.889724514,-39.239009106
-73.016300465,-39.2180726289999
-73.016271695,-39.2192010799999
-73.0139572889999,-39.2354971999999
-73.00448254999999,-39.235657175
-73.031175725,-39.2506351799999
-73.041724699,-39.256309196999894
-73.02899968899999,-39.2713786679999
-73.0489652849999,-39.3226259149999
-73.04901643399991,-39.3237432919999
-73.0490746719999,-39.3245785559999
-73.048805411,-39.325710292
-73.048816312,-39.3266654879999
-73.101778606,-39.404763931
-73.11574216999999,-39.415400446
-73.115391721,-39.416881956999994
-73.115381228,-39.4187558149999
-73.05253748899999,-39.443522638
-72.7343800039999,-39.393135236999996
-72.73134296799999,-39.386405274
-72.72836949999997,-39.388297595999994
-72.7289918859999,-39.3922374589999
-72.72793116999999,-39.3922725959999
-72.726755333,-39.394215644
-72.7155298759999,-39.3942039189999
-72.7147666979999,-39.3916946419999
-72.674797428,-39.4128085999999
-72.506290485,-39.403863771
-72.4718082899999,-39.411087476
-72.467345154,-39.408376286
-72.468862459,-39.407586937
-72.457256006,-39.40155156699989
-72.96552397399991,-39.245543159
-73.01162199999997,-39.248931999999996
-73.015541,-39.226674999999894
-73.0088459999999,-39.220312
-73.011991,-39.221233
-73.016826,-39.212567
-72.631259245,-39.416887122
-72.586381938,-39.4127479799999
-72.6612500199999,-39.4283001419999
-72.65832598899999,-39.430366727999996
-72.482972873,-39.453437523
-72.544379792,-39.485732842999994
-72.421558444,-39.46825069
-72.4177358859999,-39.468523022999996
-72.4463857269999,-39.474565555999895
-72.4452699719999,-39.476868333
-72.605242044,-39.492928766999995
-72.779054659,-39.600808291
-72.689845415,-39.559989613
-72.7727782799999,-39.543125237999895
-72.8244913779999,-39.526373301
-72.817430092,-39.528022054
-72.8208236139999,-39.5269748649999
-72.63012829399999,-39.415954297
-72.484786296,-39.454056834999896
-72.6097961829999,-39.49043175
-72.413573381,-39.467607238999896
-72.60915674499991,-39.490886669999895
-72.59073777100001,-39.23249609
-72.05267527699999,-40.4608779539999
-72.03556180299991,-39.968526430999994
-72.03698478199999,-39.963552105999895
-72.036081914,-39.960630038999994
-72.044870825,-39.981926849
-72.1279698119999,-39.923622199
-71.770869765,-40.0324173549999
-71.97299898899999,-40.0838433389999
-71.9645338869999,-39.38506992799989
-71.99756912699999,-39.375386227
-71.985537422,-39.359456140999896
-71.95377112999991,-39.353061149999995
-73.3023833349999,-39.704783333
-73.249746358,-39.657381224999995
-73.25075059199999,-39.657430682
-73.251921133,-39.668284648
-73.27859971699999,-39.691143249999996
-73.2798493549999,-39.687519842
-73.276435732,-39.6832316039999
-73.2499477539999,-39.675961330999996
-73.302293787,-39.703578387
-73.30828823399999,-39.70496203
-73.273079094,-39.691151766
-73.264922246,-39.7060446839999
-73.263340396,-39.705636326
-73.26596285399991,-39.705544925
-73.23972431600001,-39.691077111999896
-73.231551793,-39.6950571
-73.217697324,-39.697346427999896
-73.21648816,-39.6975371349999
-73.2226129369999,-39.6936474989999
-73.2666101189999,-39.6555062199999
-73.2666043669999,-39.659965817999996
-73.252372494,-39.656524364999996
-73.27539738499999,-39.679424992999884
-73.2563806469999,-39.723319323999995
-73.254340977,-39.71723787199989
-73.2524226469999,-39.717734819
-73.224276001,-39.681632
-73.2048665299999,-39.733117764999996
-73.195985001,-39.737554999
-73.22962213299999,-39.728338493
-73.2676445549999,-39.7376854939999
-73.338868717,-39.72746954699989
-73.352424354,-39.731693837999885
-73.353836853,-39.731306045
-73.363716976,-39.728982923
-73.384251851,-39.733032892999994
-73.3789269429999,-39.7420852599999
-73.426502983,-39.76038928199989
-73.36121833,-39.758263877
-73.3175187729999,-39.751577817999994
-73.188644216,-39.866733728
-73.265267619,-39.7461137979999
-73.199534321,-39.750008721
-73.18086950899999,-39.755218096
-73.16318070199999,-39.730176207999996
-73.16573984399999,-39.682093681999895
-73.1442507359999,-39.7217359739999
-73.1571785089999,-39.720829779999995
-73.140712497,-39.738884019999894
-73.1207960349999,-39.666883479999996
-73.1118222959999,-39.66046469
-73.10329658799999,-39.660601533
-73.1225083419999,-39.679620390999894
-73.109615031,-39.685136021999995
-73.058476532,-39.69976732199989
-73.07585369499999,-39.693494992999895
-73.099926141,-39.714706866
-73.0729713809999,-39.720245500999994
-73.0639494319999,-39.708696085
-73.018512393,-39.750205556999894
-73.1008433809999,-39.730135084
-73.4741263059999,-39.769079348999995
-73.437224993,-39.77406598299989
-73.37384254199999,-39.7654111689999
-73.34880698399999,-39.778821619999995
-73.315860633,-39.7741249589999
-73.287114054,-39.762906066999896
-73.259403134,-39.773244051999995
-73.21960198899991,-39.76204117299989
-73.130268264,-39.751581169999895
-73.08966623399999,-39.756980219999896
-72.97057780899999,-39.749332704
-73.107149973,-39.7719488759999
-73.139577967,-39.768859412
-73.17361693799991,-39.761900495
-73.4989390649999,-39.7980555389999
-73.479420606,-39.787239705999994
-73.503482494,-39.803719314
-73.47673823,-39.803029593
-73.34372599,-39.78592029
-73.28032743199999,-39.790737037
-73.199345061,-39.784223170999894
-73.134247359,-39.7815218809999
-73.1086569119999,-39.792511714999996
-73.07153342699999,-39.7750628049999
-73.0246029889999,-39.7781190959999
-72.958596148,-39.7910349309999
-72.9777520799999,-39.7938963389999
-72.9556337179999,-39.79405087
-73.21922030099991,-39.808577604999996
-73.262535304,-39.8038089839999
-73.301655107,-39.7983032659999
-72.9740565709999,-39.815657941
-73.054252821,-39.817245510999896
-73.240265371,-39.8192324
-73.271321438,-39.819042708
-72.9942076569999,-39.84193766
-73.020209548,-39.901681970999896
-72.96937774,-39.786421989999894
-72.9778249989999,-39.751253999999896
-72.97660799899991,-39.751206999999994
-72.9879333329999,-39.752183333999994
-73.04042199999999,-39.727361001
-73.113507,-39.749468001
-73.1313109439999,-39.75393519
-73.182909001,-39.753246002999894
-73.196834,-39.7535809999999
-73.1949605179999,-39.745454621
-73.1947699989999,-39.739009999999894
-73.210255999,-39.7221660009999
-73.204578,-39.7089609989999
-73.2654347159999,-39.652121140999895
-73.2628104029999,-39.661816582
-73.264561827,-39.66348851
-73.226821578,-39.67327141799989
-73.22852750999999,-39.677934383
-73.2284619439999,-39.68029395199989
-73.23672875399991,-39.681874224999895
-73.2405882729999,-39.683403733
-73.242955012,-39.683723838
-73.241890927,-39.68371855299989
-73.2472553049999,-39.686979836
-73.228581111,-39.686854391999994
-73.298691041,-39.7035678299999
-73.290404261,-39.70271245
-73.288197583,-39.703053083
-73.2870517099999,-39.70196602
-73.286781155,-39.702034563
-73.287483568,-39.699349919
-73.2718750649999,-39.69164944
-73.255068618,-39.688498675999995
-73.267896944,-39.696443994999996
-73.2665187319999,-39.698452886999995
-73.26626497699999,-39.699341458999996
-73.260744126,-39.7008989939999
-73.233999087,-39.6949370199999
-73.2496000619999,-39.695029559
-73.2429388779999,-39.699940495
-73.24582771899999,-39.701510846999895
-73.22607379,-39.689099754999994
-73.227855358,-39.690466320999995
-73.2255227209999,-39.690182406
-73.224197409,-39.6918761809999
-73.2167466769999,-39.695270547999996
-73.221564196,-39.6990838839999
-73.215721299,-39.7008691249999
-73.2123211689999,-39.703237116999894
-73.2284055969999,-39.71961900699989
-73.22992720799999,-39.7201081099999
-73.30421525999999,-39.711503521999994
-73.230731037,-39.683798159
-73.2316724999999,-39.691537603
-73.23514435,-39.687465418
-73.2871689719999,-39.7136267169999
-73.276535144,-39.724037863999996
-73.29628729199999,-39.707216282999994
-73.29029911399999,-39.711393435
-73.00705834499999,-39.567467474999894
-73.191270445,-39.654548006999896
-73.1913656619999,-39.65542264
-73.16649116099991,-39.663624487
-73.17037139599991,-39.664435911999995
-73.18837841299991,-39.666576666
-73.1985184479999,-39.615112141999994
-73.16617357899999,-39.663320555999995
-73.1347274389999,-39.5568471719999
-73.15805754399999,-39.4603778529999
-71.56480372,-39.460859876
-71.56480372,-39.460859876
-71.56480372,-39.460859876
-71.82065340000001,-39.45960323799989
-71.82065340000001,-39.45960323799989
-71.82065340000001,-39.45960323799989
-71.82065340000001,-39.45960323799989
-71.82065340000001,-39.45960323799989
-72.557142742,-39.661098028999895
-73.00085246399999,-39.631269704999994
-71.292288,-38.935525999999996
-71.292288,-38.935525999999996
-71.261724,-39.109918
-71.362285,39.593504
-71.391728,-39.1599
-72.432492,-38.570994999999996
-72.432492,-38.570994999999996
-72.354393,-38.566568999999994
-72.354393,-38.566568999999994
-73.20089999999999,-38.6166
-73.201095,-38.615435
-73.200808,-38.616443
-73.007138,-39.197767
-73.00886,-39.201730999999995
-73.009259,-39.201105999999996
