Longitud,Latitud
-72.460577996,-39.7975797899999
-72.454660917,-39.798738285999896
-72.458994817,-39.782146215
-72.472590767,-39.7804827809999
-72.4869315609999,-39.761471016
-72.494185751,-39.745223288000005
-72.498125081,-39.750199988
-72.511064088,-39.745766805
-72.58493748099991,-39.762399751
-72.5897285889999,-39.761580511
-72.610379059,-39.7578276849999
-72.615735872,-39.7578478189999
-72.578496429,-39.7243477769999
-72.070841657,-39.9263279639999
-72.075442295,-39.941099919
-72.234977435,-39.930190373
-72.23527447,-39.920486781
-72.2096237119999,-39.9249614089999
-72.25447328599991,-39.9105209379999
-72.222455193,-39.9238619299999
-72.227212035,-39.908934964
-72.2421410119999,-39.900688519
-72.24465682999991,-39.8991989739999
-72.29470861600001,-39.8948742499999
-72.3157169959999,-39.88847149
-72.361650862,-39.848511537
-72.340800295,-39.855493982
-72.379521594,-39.846331484
-72.387893999,-39.848673426999895
-72.420948994,-39.8729163589999
-72.38768529800001,-39.8661899379999
-72.53021050099991,-39.9583807189999
-72.53135030199999,-39.952729725
-72.523256589,-39.954827103
-72.51484927,-39.966538117
-72.47319813899999,-39.967384766
-72.47698324399991,-39.95391875
-72.43917555199991,-39.940738879
-72.48117254999991,-39.9985739869999
-72.4785933639999,-39.991635545
-72.52636240300001,-39.973549797
-72.531669826,-39.9705280909999
-72.5298924149999,-39.973066601
-72.548573113,-39.932610242
-72.6311562929999,-39.86494378
-72.213110582,-39.943691917
-72.22750909300001,-39.97314225
-72.884835833,-39.836543553
-72.8285515589999,-39.854511993
-72.81590622999991,-39.872139006999895
-72.91467814399991,-39.808840831999895
-72.950216471,-39.830717635
-72.8332734849999,-39.915049546
-72.838109602,-39.914166902
-72.9397870569999,-39.8567309749999
-72.97464882299991,-39.801308875
-72.923649,-39.820412
-72.926341658,-39.820698604
-72.929383999,-39.82127
-72.931252,-39.820642
-72.9365296619999,-39.8195199529999
-72.94582852,-39.816018346
-72.8673669999999,-39.8196139999999
-72.52809225999991,-39.972334558999904
-72.568183678,-39.9045566469999
-72.357568945,-39.8425001049999
-72.39907385800001,-39.835799602
-72.328774258,-39.845821857
-72.50206675399991,-39.742626135
-72.82706424,-39.8566765309999
-72.826649141,-39.8569861359999
-71.900748584,-40.5596717069999
-71.911410847,-40.587322942
-71.9065274829999,-40.586972788
-71.899516325,-40.584149152
-71.913351769,-40.549476382
-71.9242128929999,-40.548928800999896
-71.92277094799991,-40.547089984
-71.93556081,-40.5916145369999
-71.91520345,-40.58526711
-71.924524601,-40.57292396
-71.924253458,-40.5738986329999
-71.92930970100001,-40.572991585
-71.94768784199991,-40.5575610139999
-71.9421152579999,-40.560086860999895
-71.934951153,-40.554273458
-71.937816701,-40.5630972599999
-71.949099991,-40.565882038000005
-71.92992082800001,-40.554864837
-71.949136647,-40.602733814
-71.933276873,-40.6003634469999
-71.9425986259999,-40.57461340299989
-71.9462461319999,-40.583681363
-71.95018039600001,-40.608189373
-71.97029014600001,-40.622113046
-71.9719126479999,-40.6305629199999
-71.993492332,-40.615524288
-71.99156320299991,-40.62462160000001
-71.993318325,-40.629009762
-71.982110064,-40.632624709
-71.99125657399999,-40.61087277799989
-72.000131408,-40.6020310609999
-72.008386999,-40.615092391
-72.0004712739999,-40.630705686999896
-71.999074972,-40.588903781999896
-71.988245245,-40.592310734
-71.989719045,-40.5843882149999
-71.992787225,-40.576653451
-71.986592092,-40.5663602499999
-71.973234417,-40.570260719
-71.9596572849999,-40.592460286999895
-71.96925938,-40.5246400839999
-72.0199480909999,-40.545533779
-72.01290635399991,-40.5642212019999
-72.03951685,-40.618171574
-72.0003987659999,-40.5713901989999
-72.061129764,-40.627465969999896
-72.08252253099991,-40.6272941779999
-72.086643497,-40.63127386
-72.07921832699999,-40.6221381899999
-72.0762600159999,-40.616886183000005
-72.076056375,-40.6128141459999
-72.110413895,-40.632391223
-72.12293751,-40.63443878
-72.142429393,-40.635596128
-72.138689571,-40.6384470739999
-72.1572257669999,-40.612102240999896
-72.158092916,-40.6071069939999
-72.143878649,-40.619189905
-72.14363752,-40.628732031
-72.1406228439999,-40.627212818
-72.1231546499999,-40.5955475179999
-72.119676908,-40.592290381999895
-72.151425428,-40.5926055589999
-72.14739868699999,-40.590091296
-72.12752743600001,-40.5801659109999
-72.960902452,-40.340941632
-72.690495646,-40.277857672
-72.666705094,-40.269148236
-72.7013781209999,-40.5485445529999
-72.2491986049999,-40.626987705
-72.2507948369999,-40.619056367
-72.24642453,-40.617149062
-72.242347915,-40.606918751
-72.24353576999991,-40.6223546859999
-72.12236346600001,-40.640267681
-72.187313946,-40.6260863369999
-72.219288206,-40.567774103000005
-72.205956208,-40.557540101
-72.277431459,-40.6304064079999
-72.26193922999991,-40.6032913609999
-72.27812162399991,-40.607855961
-72.27993466699999,-40.619217512
-72.26914149899991,-40.606690102
-72.249719074,-40.5852290939999
-72.254121293,-40.5890394529999
-72.26446930299991,-40.586868040999896
-72.2414824419999,-40.5896315209999
-72.235865098,-40.5893010199999
-72.241221739,-40.602661166
-72.245309299,-40.6125854169999
-72.235651632,-40.614728804
-72.245933972,-40.567054248000005
-72.22973224100001,-40.5432524939999
-72.232047931,-40.562745658
-72.367323202,-40.435409982
-72.329564007,-40.4321170549999
-72.3310043659999,-40.459858286
-72.361692283,-40.460792779
-72.3168139749999,-40.4664179879999
-72.31253122399991,-40.48020206
-72.328084382,-40.4871568419999
-72.332334949,-40.477003752
-72.337079654,-40.475250306
-72.345837906,-40.461899565
-72.29248619100001,-40.537493543
-72.298316745,-40.542571806999895
-72.31304205100001,-40.552483459
-72.331849599,-40.555930437
-72.308976108,-40.5565949799999
-72.32486018299991,-40.562633408
-72.330550783,-40.573212691
-72.279470514,-40.552341838
-72.29375037199999,-40.559580817
-72.272442143,-40.54440941799989
-72.257145807,-40.5420742809999
-72.272508312,-40.536250283
-72.2639923679999,-40.52950579
-72.246753708,-40.527834841
-72.1810894229999,-40.581429064
-72.3579384459999,-40.455931816
-72.279753838,-40.501590595
-72.28456271999991,-40.515542890999896
-72.289751192,-40.5028311139999
-71.9020013649999,-40.552774268
-72.60865552,-40.1931979029999
-72.60035283399999,-40.1912247349999
-72.591289332,-40.189708757999895
-72.57114824,-40.272358707
-72.6636899379999,-40.245128531
-72.637730355,-40.24352931
-72.681420778,-40.193003404
-72.71250242100001,-40.25481509
-72.932496258,-40.1791143889999
-72.934065158,-40.175791234
-73.061431536,-40.121654425
-73.066525289,-40.1104426439999
-73.0912351389999,-40.2177228149999
-73.083206487,-40.1038643369999
-73.109007166,-40.170656041
-73.59685991100001,-40.010711807
-73.5994245969999,-40.023950476
-73.5583898359999,-40.133863752
-73.533916571,-40.134988897
-73.65272598199991,-40.178315793
-73.624763225,-40.168302186999895
-73.528291748,-40.173169988000005
-73.597943702,-40.184728331
-73.56801856399991,-40.19178543
-73.561386405,-40.1954329239999
-73.5554952099999,-40.200116306
-73.5565066029999,-40.1973000949999
-73.543691479,-40.230121432
-73.5472237769999,-40.235886517
-73.5613169869999,-40.233161711
-73.57535135399999,-40.22029034
-73.6012436239999,-40.215633216
-73.47802098300001,-40.224907012
-73.530283975,-40.252771542999895
-73.54434438199999,-40.259453728
-73.455666561,-40.246637568
-73.1812408329999,-40.107715971999895
-73.182750158,-40.112280132
-73.41388845899999,-40.280125729
-73.4160138519999,-40.280785466999895
-73.3992746119999,-40.285311684
-73.3834446279999,-40.3280902229999
-73.38533994699999,-40.288559365
-73.37511290899991,-40.3338921719999
-73.349154087,-40.1753032889999
-73.346483131,-40.175508404
-73.22738937299991,-40.092639053
-73.25367653,-40.25386395
-73.195216804,-40.1244839249999
-73.191728035,-40.1246096639999
-73.153438028,-40.2029219579999
-73.143699575,-40.2919245269999
-71.69411563199999,-40.358293115
-71.70175397299991,-40.369475372
-71.70522299899991,-40.367687625
-71.701793052,-40.3765019759999
-71.70870409299991,-40.3739007149999
-71.71483216600001,-40.397555337
-71.724887074,-40.386498742
-71.752614658,-40.381370449
-71.737998077,-40.408630640999895
-71.735438405,-40.410182317
-71.748276268,-40.426412362
-71.77564392800001,-40.37039892
-71.762109658,-40.405932369
-71.75904626100001,-40.39842766
-71.77293018399999,-40.413379227
-71.7762679319999,-40.414743836
-71.774255688,-40.393610388
-71.7720512879999,-40.3853554189999
-71.783653466,-40.3814387039999
-71.792499257,-40.3644124469999
-71.801898587,-40.3608112649999
-71.814806397,-40.3649257069999
-71.817653767,-40.360883265
-71.82240994599991,-40.350522494
-71.827295598,-40.3393127149999
-71.822151081,-40.3699889219999
-71.805136186,-40.378332724
-71.816237965,-40.374641058
-71.842605837,-40.435593302
-71.8394068659999,-40.421139656
-71.818300579,-40.381798644
-71.846765405,-40.3338997889999
-71.858139748,-40.505448552
-71.84936272600001,-40.5217350789999
-71.87805615799991,-40.548770427
-71.8754926669999,-40.5200295879999
-71.8814352959999,-40.512534692
-71.885668285,-40.505882029
-71.87818798099991,-40.433144872
-71.8875771479999,-40.423832709
-71.88238975,-40.3860055879999
-71.873781686,-40.350327835
-71.908700095,-40.320249237
-71.900033095,-40.328378244
-71.914129577,-40.360496356999896
-71.890097837,-40.376668902999896
-72.36121400100001,-40.405152087
-72.333575733,-40.415829022
-72.322171133,-40.424008371
-72.32995398899999,-40.413869355
-72.33124858799991,-40.406291601
-72.311085382,-40.4175688289999
-72.312513451,-40.3785014759999
-72.29389737799991,-40.3700969339999
-72.2958892569999,-40.404604741
-72.30663125099991,-40.410875248
-72.30268642999991,-40.449765917
-72.34984768399991,-40.349920978999904
-72.2784202519999,-40.2874998199999
-72.287506094,-40.3458090569999
-72.3064829739999,-40.341309633
-72.288636775,-40.3575153739999
-72.28010977,-40.373966164
-72.27455415600001,-40.3583765129999
-72.275802058,-40.353813859
-72.274082917,-40.396447816
-72.29812285299991,-40.3814505469999
-72.322376014,-40.418898263
-72.178815351,-40.2325422819999
-72.07296375,-40.313878909
-72.052745688,-40.29957789
-72.028898828,-40.302692538
-72.02557982100001,-40.320196557
-72.250635783,-40.28422956799989
-72.24004335800001,-40.28676826
-71.9897748619999,-40.32868553
-71.96651968899991,-40.378059762
-71.92315164,-40.334202319
-71.93156858899991,-40.329914232
-71.942325168,-40.367933292
-71.968012614,-40.383987614
-71.916072634,-40.4080007319999
-71.921755716,-40.402789874
-72.249333817,-40.3984340439999
-72.135659945,-40.485536125
-72.2550813669999,-40.367661369
-72.26397242600001,-40.367832617
-72.219085722,-40.361011753999904
-72.223536735,-40.357104318000005
-72.199791467,-40.3584424049999
-72.218959067,-40.37305126699989
-72.237221464,-40.37026315799989
-72.258484545,-40.37464919799989
-72.13987491399999,-40.379198376
-72.138957885,-40.3717556349999
-72.11932699499991,-40.3615222459999
-72.1312880959999,-40.374426655
-71.94913542099991,-40.5375292909999
-71.967342308,-40.402411947
-71.950529441,-40.417619735
-71.9467342889999,-40.421099021
-71.94111891599991,-40.41709825
-71.96626129100001,-40.421790732
-71.953555305,-40.423113391
-71.97880764,-40.413946478
-71.927327154,-40.4141698089999
-71.913468445,-40.432478009
-71.88863672,-40.445353009
-71.89148452399999,-40.4399558489999
-71.8897191849999,-40.453708905
-71.8950845049999,-40.462001642
-71.944970374,-40.444886133
-71.925928585,-40.4412492869999
-71.914622827,-40.445494939
-71.97172245899999,-40.464162169
-72.029112675,-40.355962502
-72.03110359399992,-40.35552322
-72.0207661159999,-40.428370259
-71.922958638,-40.477379631
-71.9106733409999,-40.4876545719999
-71.9116049639999,-40.5059195599999
-71.9581290209999,-40.4975918659999
-72.047021586,-40.398955648000005
-72.04895534100001,-40.395932226999896
-72.0431017669999,-40.389006971
-72.077229081,-40.4475722399999
-72.083611914,-40.479678093
-72.099218842,-40.510533686
-72.10638531099991,-40.512415849
-72.04805824600001,-40.36433017
-72.1254042269999,-40.5047332789999
-72.12802339,-40.4809204379999
-72.11233307100001,-40.465441965
-72.16578179,-40.4742198399999
-72.15674291100001,-40.457453527
-72.155436134,-40.4502555999999
-72.149060235,-40.4529167389999
-72.13378899299991,-40.4579185589999
-72.167762725,-40.41529702
-72.16229767,-40.4356508879999
-72.187900844,-40.445881163
-72.173396047,-40.428519497
-72.137906341,-40.399815362
-72.199549648,-40.425394145
-72.2802765989999,-40.428181743
-72.279230743,-40.416688242
-72.295659423,-40.445701474
-72.2098696799999,-40.429095338
-72.271059545,-40.4503055599999
-72.268966443,-40.4570034389999
-72.277559304,-40.4665069489999
-72.25184868,-40.452100597
-72.27186375799991,-40.465275905999896
-72.247297835,-40.445729076
-72.225471748,-40.426396847
-72.23455210600001,-40.384289377
-72.199033641,-40.444351622999896
-72.14035204300001,-40.3651343769999
-72.135685376,-40.339915135
-72.11444590100001,-40.400429727
-72.1049804479999,-40.424990045
-72.093858672,-40.434465659
-72.11142217,-40.4485071939999
-72.08754405100001,-40.4054383
-72.072214338,-40.393764704
-72.07616848399991,-40.4368385019999
-72.051039902,-40.349333686
-71.98249400600001,-40.379611141999895
-72.01860428899991,-40.342691736999896
-72.026526142,-40.4157734349999
-72.02256635100001,-40.37061732
-71.979567598,-40.3984486909999
-71.93398558300001,-40.349345537
-71.9561964809999,-40.335772947
-71.96219587899999,-40.34510402199989
-71.998139879,-40.416865263000005
-72.016922584,-40.3912244049999
-72.07100368499991,-40.3349882909999
-72.072225537,-40.3192563659999
-72.172405527,-40.378650643
-71.664880647,-40.346748239
-71.669827036,-40.345003702
-71.673314268,-40.340896673
-71.6705152489999,-40.337682582999896
-71.670334403,-40.336380649
-71.677595373,-40.330087461999895
-71.677641663,-40.3235197939999
-71.6747394019999,-40.31439914
-71.678846127,-40.345929984
-71.681882023,-40.324502416
-71.684551302,-40.321179678
-71.681028666,-40.3258373319999
-71.682170822,-40.303264596
-71.707779145,-40.29137201299989
-71.716240461,-40.285003278000005
-71.69335635399992,-40.291934093
-71.720850318,-40.308134654
-71.72514662,-40.307592083
-71.71744376699999,-40.329391739
-71.7454997959999,-40.315676744
-71.731623547,-40.309483954
-71.73069608299991,-40.339303059
-71.74661122100001,-40.340178018
-71.763632527,-40.332097838
-71.751949643,-40.335691368
-71.7672799219999,-40.323426361
-71.77310910199999,-40.3223678909999
-71.767614754,-40.317221133
-71.7660390519999,-40.314943899
-71.788858859,-40.2621245789999
-71.798154629,-40.257162001
-71.799382952,-40.2695537559999
-71.796408857,-40.271003885
-71.795600776,-40.2762208089999
-71.794772764,-40.273250305
-71.793293369,-40.287013623
-71.774339696,-40.312763315
-71.818627605,-40.325158151
-71.801222436,-40.299855728
-71.80471772,-40.303581175
-71.79870889899999,-40.29852944
-71.8046567809999,-40.254329215
-71.80302274600001,-40.257179212
-71.8046994589999,-40.266173175999896
-71.8056012979999,-40.238209694
-71.79980420899992,-40.250123156
-71.816989792,-40.244706564
-71.81805833,-40.181473927
-71.81372971399999,-40.182444029
-71.823920293,-40.1764217969999
-71.814775303,-40.14637878
-71.807776082,-40.122074794
-71.8138510479999,-40.125413238
-71.8195724559999,-40.1145097159999
-71.813407489,-40.1058411509999
-71.819392985,-40.122657095
-71.8292491839999,-40.0926639469999
-71.82741597599991,-40.087763478999904
-71.830078325,-40.038506814
-71.814914237,-40.026274493
-71.800362433,-39.978741285
-71.7984148589999,-39.9717621579999
-71.817249961,-39.956874856
-71.8134537669999,-39.9821803259999
-71.82651595,-39.990843157
-71.832779594,-40.0041118509999
-71.83015434100001,-40.003509457
-71.8324851949999,-40.329233066
-71.827055016,-40.312494962
-71.82795178,-40.288873318
-71.8256149269999,-40.286426359
-71.8386168819999,-40.257878214
-71.8328075859999,-40.2612273739999
-71.838249477,-40.253590626999895
-71.842668899,-40.2510410149999
-71.84462754100001,-40.248686915
-71.844979745,-40.24530942
-71.845012835,-40.242732442
-71.836518521,-40.2203140359999
-71.82701337600001,-40.22740156
-71.845199222,-40.2295047339999
-71.844254303,-40.22798768
-71.8475020189999,-40.196110926
-71.848672855,-40.1707706459999
-71.850073773,-40.147009962
-71.83408998999991,-40.1171636839999
-71.836980056,-40.057695684
-71.834630757,-40.049664224
-71.848996083,-40.028728771
-71.851685152,-40.0074941829999
-71.859813195,-39.955543603
-71.839843085,-39.921282306
-71.880859468,-39.91791863
-71.878450043,-39.956162927
-71.867132091,-40.0895878749999
-71.855402687,-40.111982789
-71.862211481,-40.124947806
-71.867125341,-40.111485775999896
-71.864317274,-40.123958903
-71.855742494,-40.130467208
-71.86249683300001,-40.138173025
-71.8611323119999,-40.131108726
-71.870737446,-40.1301321999999
-71.861142479,-40.146448537
-71.8551204899999,-40.148957302
-71.861805642,-40.173968502
-71.858349975,-40.190105522
-71.849413865,-40.232202324999896
-71.849762126,-40.2477858399999
-71.86487478800001,-40.269679012
-71.84894855,-40.2807734789999
-71.855620729,-40.3026412099999
-71.891923812,-39.960358264
-71.89073921100001,-39.971134177
-71.896001009,-40.00699788799989
-71.891682093,-40.009853194
-71.894455912,-40.071549959
-71.881360625,-40.093260973
-71.882233679,-40.125874043
-71.88021485199991,-40.16917897
-71.88151109099991,-40.200628213
-71.8849417329999,-40.221404191
-71.89369923299991,-40.237759239
-71.885619897,-40.24843687
-71.883950629,-40.2606116219999
-71.880557692,-40.308624967
-71.941636782,-39.919102798
-71.94897238999991,-39.921024136
-71.9292715719999,-39.9388549729999
-71.9480429239999,-39.9789227059999
-71.930591711,-39.96757444799989
-71.9140946529999,-39.99368989
-71.932098998,-39.997613191
-71.91294173899999,-40.035415742999895
-71.937011631,-40.044968297
-71.940810614,-40.252495897
-71.9091058389999,-40.221789711
-71.9115897309999,-40.280275769999896
-71.9060398629999,-40.236098651
-71.90693796800001,-40.2073691369999
-71.908029766,-40.160358287
-71.905018367,-40.1547141249999
-71.908157183,-40.1380432719999
-71.9031353029999,-40.104444803
-71.90524382699991,-40.0977622569999
-71.916853171,-40.057611325
-71.91032687599991,-40.058784449
-71.935241522,-40.273228382
-71.917584362,-40.2700813499999
-71.91346872799991,-40.2662488789999
-71.932564591,-40.267342409
-71.93412363600001,-40.257169496
-71.9197834519999,-40.202280593000005
-71.92779249899999,-40.1181097039999
-71.9370948329999,-40.1000839559999
-71.93819991399991,-40.0232476369999
-71.943001263,-40.0043896729999
-71.93762781399991,-39.9938069209999
-71.9362651279999,-39.9893376109999
-71.949171184,-39.9828303589999
-71.936153014,-39.938050212
-71.9653698119999,-39.980768306
-71.973570307,-39.987070601
-71.97080018799991,-39.993402041
-71.96873934599991,-39.999354927999896
-71.957594792,-40.000567901
-71.962465014,-39.999434543999904
-71.961389824,-40.0246745389999
-71.957931387,-40.1123710479999
-71.954999852,-40.1335236369999
-71.9574730049999,-40.1531959549999
-71.947796519,-40.1653148359999
-71.976442834,-40.304745543
-71.986700454,-40.2665330639999
-71.9731770769999,-40.26274724
-71.982184955,-40.249670736
-71.9823383569999,-40.172022796
-71.985123485,-40.1659159559999
-71.99130081,-40.120232546
-71.991991346,-40.1102974149999
-72.002443107,-40.099461451
-72.00209821199999,-40.09502982
-72.005493185,-40.090361733
-71.9895520279999,-40.080590528
-71.982779104,-40.0256297459999
-71.9996075299999,-39.995758049
-71.978477068,-39.985728465
-71.98675002899991,-39.9863981459999
-71.99165082,-39.9833171289999
-71.9857227099999,-39.969805462
-72.007152343,-39.9544075749999
-72.01295091,-40.035139797999896
-71.9992384019999,-40.0755298889999
-72.0183006899999,-40.0720827709999
-72.012697773,-40.082504177
-72.00270041,-40.120572727
-72.0003725449999,-40.116945433000005
-72.006640061,-40.139608473
-71.992605641,-40.218317022
-72.0368767049999,-39.983358876
-72.02991551,-39.9744591959999
-72.032031737,-39.9820979369999
-72.029361663,-40.030436707
-72.035662493,-40.067007057
-72.041498496,-40.0678769789999
-72.03290886399999,-40.096931782
-72.03072084600001,-40.1140620899999
-72.026380033,-40.141504657
-72.059183758,-40.188272506
-72.058473157,-40.119905197
-72.049499571,-40.1130741859999
-72.052237522,-40.105640643
-72.062640755,-40.094780768
-72.0633107199999,-40.085204651
-72.04586094699991,-40.06839374
-72.06144270999991,-40.063205621
-72.057773824,-39.995617834
-72.057111345,-39.99168264
-72.0874048219999,-40.011031518
-72.0730905299999,-40.014030458
-72.073028971,-40.0187579569999
-72.076210883,-40.021063254
-72.07335879600001,-40.115067234
-72.087609543,-40.106365087
-72.076316345,-40.15280273
-72.06968875300001,-40.2453853549999
-72.1058769749999,-40.109345509
-72.109745065,-40.022941089
-72.1055645549999,-40.089052417999895
-72.131524133,-40.18874692799989
-72.126520327,-40.17485011
-72.120489761,-40.162512861
-72.134538388,-40.045572352
-72.126926716,-40.030070493
-72.135918385,-39.975913028
-72.142932778,-40.21045836299989
-72.1469337029999,-40.205828137
-72.139193635,-40.189585409
-72.14639985,-40.170667227
-72.171185705,-40.005379805
-72.1700192279999,-40.0242497899999
-72.170019498,-40.034725915
-72.17884137399992,-40.100094675
-72.1962980979999,-40.110022089
-72.17293604,-40.155411161
-72.19503692599991,-40.182593873
-72.191418374,-40.17380464799989
-72.1959972499999,-40.0847929729999
-72.204375892,-40.080077371
-72.204197549,-40.074407138000005
-72.20720918800001,-39.981716569
-72.246777687,-40.017515779
-72.33306321,-40.068655932999896
-72.23961589899992,-40.065807881999895
-72.4579309329999,-40.052926256
-71.88053060600001,-40.15499312
-72.239256169,-40.137925125
-72.23915780999991,-40.1371661219999
-72.237733142,-40.1366997489999
-72.221185002,-40.196259096999896
-71.9533896409999,-40.2892316969999
-72.003339032,-40.268157856
-73.14058400100001,-40.010014999
-72.92349136,-40.0270160659999
-72.96801199899991,-40.003731
-73.154494727,-40.040681115
-73.14926809,-40.0566786269999
-73.15219545,-40.060716307
-73.0577962949999,-40.010127585
-73.063176298,-40.017911237
-72.965477565,-39.9667060909999
-73.395416212,-39.809459907
-73.35310451899991,-39.8606058409999
-73.064474047,-39.7973649149999
-73.385318803,-39.8715027009999
-73.382894398,-39.869685064
-73.38098557099991,-39.869316074
-73.387970127,-39.871125158000005
-73.3827562009999,-39.8690975289999
-73.394167362,-39.872616603
-73.39239527099991,-39.8688892009999
-73.38870128,-39.866045947
-73.406046019,-39.8211205329999
-73.3905021309999,-39.7782280609999
-73.3905027819999,-39.7726872269999
-73.390676352,-39.7702480579999
-73.39065379,-39.769211652
-73.38487531399991,-39.761689508
-73.383459365,-39.760097199
-73.38436351,-39.758114615
-73.377913904,-39.7494759859999
-73.37858541199991,-39.7461047149999
-73.138837999,-39.7405709999999
-73.33390186299991,-39.744976994
-73.346517351,-39.738175051
-73.303428657,-39.743093986
-73.3484282009999,-39.743281103
-73.367041738,-39.738559236
-73.360454628,-39.658790876
-73.3577755709999,-39.6891246759999
-73.345058071,-39.672789872
-73.32461211100001,-39.672163284
-73.322560171,-39.6413117709999
-73.3268068089999,-39.674942858
-73.224757799,-39.8879039669999
-73.2080980219999,-39.886341353
-73.201706004,-39.896440776
-73.184763425,-39.905770278
-73.2212402489999,-39.931661634
-73.21530267600001,-39.9367866499999
-73.223794465,-39.928826886
-73.22802914499991,-39.90936885
-73.13563891,-39.9966587769999
-73.141550635,-40.005429389
-73.152516095,-39.984127342
-73.157032713,-39.972073135
-73.151980351,-39.961416076
-73.141999805,-39.977625866
-73.137220826,-39.981981564
-73.198305462,-39.838684014
-73.178873385,-39.859362972
-73.15446209399991,-39.868175397
-73.146206292,-39.866061687
-73.13686118,-39.858857738000005
-73.192134434,-39.840930386
-73.151697766,-39.857041077
-73.160469671,-39.866496051
-73.155084189,-39.878554838
-73.15497987899991,-39.880264917
-73.157493372,-39.8711155459999
-73.1529088619999,-39.8698533969999
-73.1388001399999,-39.891348813
-73.141036937,-39.892537869
-73.098138362,-39.8734545149999
-73.086382231,-39.864810549
-73.0929027669999,-39.9522156959999
-73.06707256,-39.985715445
-73.065383137,-39.970876567999895
-73.091346367,-40.00353211
-73.11505038199991,-40.002911192999896
-73.07221851,-39.7693040689999
-73.102718045,-39.7614642509999
-73.087111491,-39.761856673
-73.1437980979999,-39.7570744839999
-73.158897915,-39.748485908
-73.27366867599991,-39.673381075
-73.24446755,-39.678745337
-73.2665330459999,-39.6915821159999
-73.243058176,-39.825667467
-73.242812234,-39.8252312939999
-73.21205916,-39.819815221999896
-73.391226924,-39.773679305
-73.192012174,-39.7300778599999
-73.1844369999999,-39.7300819989999
-73.183864,-39.730077001
-73.1877661569999,-39.77055376
-73.187251863,-39.770131299
-73.17969207399992,-39.766373171999895
-73.176135232,-39.7613621839999
-73.160137,-39.753439
-73.1487894749999,-39.748090846
-73.348906359,-39.8603859729999
-73.1489458779999,-39.73875967
-73.160284495,-39.7358497659999
-73.175408751,-39.730502728000005
-73.2281366559999,-39.76015882
-73.2181899669999,-39.776043175
-73.20347110899999,-39.811185232
-73.205537549,-39.822147017
-73.352582651,-39.861210416999896
-73.355913342,-39.862161262
-73.35781544799991,-39.86083681
-73.36455870899991,-39.862418696
-73.3642707719999,-39.8592703209999
-73.37816953899991,-39.868233631
-73.3859519169999,-39.8744215369999
-73.390925131,-39.872603355
-73.3881065699999,-39.859802277
-73.3899741549999,-39.850422421
-73.390978667,-39.8469497259999
-73.3955014869999,-39.833417182999895
-73.01097099899991,-39.8015569999999
-73.033413099,-39.8102571009999
-73.043791309,-39.813378584
-73.047294333,-39.813023191
-73.04946110600001,-39.809933476
-73.0925129779999,-39.8084782349999
-73.097754467,-39.803942592999896
-73.09946742300001,-39.801970626999896
-73.101862614,-39.799820607
-73.104917338,-39.796714419
-73.138592299,-39.804289774
-73.1458652969999,-39.806181075
-73.156928717,-39.807438497
-73.160866766,-39.80738388
-73.164192864,-39.805742826
-73.334129,-39.85546400000001
-73.3423270009999,-39.859730999
-73.350628364,-39.860624447
-73.401538,-39.8405349999999
-73.399712,-39.8394489999999
-73.397412,-39.808055999
-73.391411999,-39.7742729989999
-73.3881699999999,-39.7634869999999
-73.356104,-39.67705
-73.350488,-39.665454
-73.3469009999999,-39.66899
-73.3523172279999,-39.860439195
-73.146170001,-39.945529
-73.1460939999999,-39.945414
-73.154972,-39.946937999999896
-73.166576,-39.9409679999999
-73.166728,-39.9448800009999
-73.166748,-39.945983
-73.13760400099991,-39.9070179999999
-73.13097900000002,-39.9159779999999
-73.1279569989999,-39.969796001
-73.134730189,-39.975497667999896
-73.14017,-39.9792909989999
-73.13954518,-39.9780491779999
-73.141773999,-40.0055629999999
-73.1410519999999,-40.004674
-73.0688,-39.994001
-73.109953,-39.949103
-73.18719899999998,-39.770093
-73.178531,-39.762875
-73.17594100000002,-39.761253
-73.15931600100001,-39.7527729999999
-73.08591699999991,-39.8046239999999
-73.1032269999999,-39.798212
-73.1021679999999,-39.799341999
-73.09933599999991,-39.8020079999999
-73.098134999,-39.803645
-73.1272616059999,-39.7976310889999
-73.373369182,-39.863302635
-73.39107791,-39.85942983
-73.390813887,-39.851612475
-73.391164083,-39.847606705
-73.40232711999991,-39.840927015
-73.398944555,-39.8375282059999
-73.3963275899999,-39.8096018969999
-73.403407807,-39.719286999
-73.38683768399991,-39.694387075
-73.3838957299999,-39.6949592029999
-73.394463391,-39.872897929
-73.270096184,-39.829896361
-73.31675468899991,-39.842866102
-73.349125966,-39.6671110949999
-73.396499767,-39.809583002
-71.981196016,-39.445924692999895
-71.96342033,-39.451846652
-71.95542180699991,-39.4778778099999
-71.8908930549999,-39.461319929
-71.86178159799991,-39.471630326
-71.86005503300001,-39.474312313
-71.846326183,-39.468010189
-71.712764906,-39.549192631
-71.7146357029999,-39.552152946
-71.71636942100001,-39.556136443999904
-71.71338348399999,-39.624705692
-71.75526936899999,-39.632530994
-71.76480372,-39.660859876
-71.77149317199999,-39.653393872
-71.769851245,-39.652550248
-71.784355202,-39.6464986729999
-71.897588484,-39.65929535
-71.91700134,-39.6378740439999
-71.920039356,-39.6261771019999
-71.9015827809999,-39.598162561
-71.927625112,-39.5884022
-71.94781598600001,-39.570802004
-71.964897728,-39.550946553
-71.91584195600001,-39.553569769
-71.90330620899991,-39.549728602
-71.89717476,-39.5597646759999
-71.874235003,-39.5557855239999
-72.126633204,-39.573259712
-72.06693125899992,-39.5694933189999
-72.055233299,-39.57444902
-72.047946817,-39.5780814039999
-72.033106823,-39.5817768909999
-72.04965826599991,-39.576766673
-72.030207522,-39.584033346
-72.02724591899991,-39.586798277
-72.022861037,-39.5967563839999
-72.017365427,-39.598490581
-72.013562775,-39.600427079
-72.006758095,-39.60517844
-71.971624166,-39.615913834
-71.97294479199999,-39.616834879
-71.946809725,-39.613853008
-71.931150365,-39.6145528819999
-71.9955735889999,-39.6224596599999
-71.997960872,-39.623794272999895
-71.963223536,-39.6248484549999
-71.9510667069999,-39.630157691
-71.959778907,-39.635034445
-71.9512865999999,-39.635930893
-71.971894017,-39.6350041069999
-71.96849645100001,-39.636739538
-71.981047847,-39.6365529509999
-71.986233053,-39.639004965
-71.972686702,-39.6431721599999
-71.981454414,-39.644929022
-71.97364903100001,-39.650399007
-71.959040737,-39.649901874
-71.961834331,-39.650220082
-71.9657916789999,-39.650050584
-71.96922965999991,-39.651449617
-71.9866512999999,-39.6516955669999
-71.99859182899999,-39.6472978159999
-71.998571747,-39.655721027
-71.933946711,-39.6549080039999
-71.957723856,-39.6720830739999
-72.04158716099991,-39.660643267
-72.03708403899999,-39.661564305
-72.02065340000001,-39.659603237999896
-72.01669538999991,-39.660131362
-72.017030416,-39.670941367999895
-72.013679338,-39.6797280759999
-72.007491234,-39.683114377
-72.00280349,-39.6842516299999
-71.997621334,-39.694101684
-71.97241217899992,-39.7104062289999
-71.973548594,-39.7097105129999
-71.961171587,-39.713738415
-72.501172331,-39.740157994
-72.467066647,-39.752507833
-72.459286042,-39.76446319
-72.392118734,-39.786133202
-72.346244938,-39.794551342
-72.353340966,-39.7931370489999
-72.272110888,-39.803785158
-72.242139672,-39.815228244
-72.240472916,-39.809882758
-72.2477686079999,-39.789796682
-72.244248093,-39.784091938
-72.2263534579999,-39.800537672
-72.230217258,-39.773524327
-72.205770004,-39.795485342999896
-72.2205273399999,-39.7622213929999
-72.235168718,-39.742275744
-72.229864304,-39.745356129
-72.2019682179999,-39.714921101
-72.141772435,-39.730688506
-72.134127311,-39.743156303
-72.03992678600001,-39.7436730209999
-72.082370662,-39.78727164
-72.044768996,-39.769054879
-72.047590562,-39.7685862719999
-72.052721062,-39.770905717999895
-72.01784905699999,-39.78370488
-72.031237101,-39.884649657
-72.068500515,-39.915117058
-71.78929872,-39.744536565
-71.770206823,-39.7433455889999
-71.7724308099999,-39.767659755
-71.7529388139999,-39.756584487999895
-71.69022817699991,-39.759272089
-71.68521494399991,-39.770828865999896
-71.792087285,-39.819003202
-71.784403025,-39.8216652469999
-71.742344061,-39.827766368
-71.70430484799991,-39.81977777
-71.69440740499991,-39.838835467
-71.7874072819999,-39.847995881
-71.78204235899992,-39.8436387199999
-71.785967259,-39.8557324349999
-71.73157004099991,-39.8560091849999
-71.71901930899999,-39.847782509
-71.7901918269999,-39.867971906
-71.784791695,-39.874056128999904
-71.782165301,-39.876182058000005
-71.737643506,-39.865891991999895
-71.822389433,-39.877501192
-71.79887487,-39.901236477999895
-71.7920594829999,-39.9364330929999
-71.7878632589999,-39.950379440999896
-71.788022855,-39.968995095
-71.79027139999991,-39.97512087
-71.779636849,-39.9735294769999
-71.768701521,-39.9746921839999
-71.8007079879999,-39.988344394
-71.80436943099991,-39.9931110639999
-71.756918109,-39.993205426
-71.758661387,-40.000433351
-71.752223033,-40.0142246039999
-71.78923467199999,-40.039894317999895
-71.7609178,-40.056381904
-71.74737092,-40.058821037
-71.747910077,-40.0681494419999
-71.7340095759999,-40.072369985
-71.734803391,-40.08399846
-71.7407924779999,-40.083910854
-71.77200726099991,-40.08557264
-71.790344229,-40.075124347
-71.794626513,-40.0737509379999
-71.7380074229999,-39.951073074
-71.73881019899991,-39.952711581
-71.722015488,-39.951850694
-71.723151318,-39.9787086539999
-71.703758568,-39.951327976
-71.70148255,-39.9488137619999
-71.6983864969999,-39.938832858000005
-71.699337048,-39.925505706
-71.650801466,-39.9066190139999
-71.633708542,-39.907134863
-71.63886174399991,-39.954806189
-71.67822068699999,-39.909961171
-71.656948396,-39.914036132
-71.65421107899991,-39.913432256
-71.651791809,-39.912884095
-71.65005022299991,-39.912617656
-71.648823255,-39.912348439
-71.647070734,-39.90965568799989
-71.64347732399992,-39.908781569
-71.6289710739999,-39.9049903709999
-71.61572369899991,-39.900364291
-71.598864562,-39.903777705
-71.59789109399999,-39.9042068809999
-71.597757782,-39.9048727059999
-71.598378133,-39.9061917659999
-71.601466428,-39.9076573199999
-71.6020444449999,-39.908228101
-71.60389017899999,-39.9103043339999
-71.604505656,-39.9108794219999
-71.6050146219999,-39.913525003
-71.60612202399992,-39.915315526
-71.60868432099991,-39.9156551899999
-71.620556745,-39.919221536
-71.64934541799991,-39.951407106
-71.64491424499991,-39.949965084
-71.64316903799991,-39.9505462179999
-71.6405975019999,-39.950290724
-71.638824578,-39.95061278799989
-71.63220071099991,-39.949904128
-71.632902316,-39.949581907
-71.63259809,-39.948363706
-71.6319692119999,-39.947224945
-71.63131601100001,-39.946672266
-71.630330639,-39.9466135669999
-71.630015589,-39.945955285
-71.62852552399991,-39.9447087619999
-71.627169744,-39.9441449719999
-71.62603379800001,-39.9434081859999
-71.625248289,-39.943559173
-71.624815047,-39.943012043
-71.65594208600001,-39.964847311
-71.67916805399992,-39.969329992
-71.67628709899999,-39.971297001
-71.683468127,-39.9851425159999
-71.69192494100001,-40.012444124
-71.69024194799991,-40.024786816
-71.6904379969999,-40.03720572
-71.68890595100001,-40.041311821
-71.689448466,-40.0436334039999
-71.6860932709999,-40.0547420309999
-71.684732008,-40.058137654999896
-71.68240686899999,-40.05684035
-71.677317772,-40.059597171
-71.6762623229999,-40.06068484
-71.675410641,-40.061389133
-71.673210373,-40.064781927999896
-72.18664928300001,-39.7299569269999
-72.155076837,-39.753833229
-71.9245853589999,-39.851858313
-71.970478169,-39.797319527999896
-71.929030305,-39.72154467
-71.88807880899999,-39.706532353999904
-71.79410332899991,-39.748789917
-71.778311145,-39.738146893
-71.9198382229999,-39.62638034299989
-71.8995006549999,-39.52715366
-72.035510942,-39.581090623
-72.038363547,-39.580532853
-72.04162049899999,-39.579117587
-72.05244070899991,-39.575522201999895
-72.056813134,-39.5761860019999
-72.057409961,-39.5759788409999
-72.058524855,-39.572667509
-72.12976686100001,-39.676320732
-72.061029347,-39.697227196
-72.030654028,-39.705739502
-72.01722036699991,-39.644336191
-71.759726458,-39.874667363
-71.921034812,-39.509385607
-72.99778586,-39.336094421
-72.905469715,-39.4203034829999
-72.90460304399991,-39.420540135
-72.96743957,-39.432349862
-72.96691215399991,-39.4341065159999
-72.93019109800001,-39.4331703199999
-73.089724514,-39.439009106
-73.216300465,-39.4180726289999
-73.216271695,-39.4192010799999
-73.21395728899991,-39.4354971999999
-73.20448255,-39.435657175
-73.231175725,-39.4506351799999
-73.241724699,-39.4563091969999
-73.22899968899999,-39.4713786679999
-73.2489652849999,-39.5226259149999
-73.24901643399991,-39.5237432919999
-73.2490746719999,-39.5245785559999
-73.248805411,-39.525710292
-73.248816312,-39.5266654879999
-73.301778606,-39.604763931
-73.31574217,-39.615400446
-73.315391721,-39.616881957
-73.315381228,-39.6187558149999
-73.25253748899999,-39.643522638
-72.9343800039999,-39.593135237
-72.931342968,-39.586405274
-72.92836949999997,-39.588297596
-72.9289918859999,-39.592237458999904
-72.92793117,-39.5922725959999
-72.926755333,-39.594215644
-72.91552987599991,-39.5942039189999
-72.91476669799991,-39.5916946419999
-72.87479742800001,-39.6128085999999
-72.706290485,-39.603863771
-72.6718082899999,-39.611087476
-72.667345154,-39.608376286
-72.668862459,-39.607586937
-72.657256006,-39.601551566999895
-73.16552397399991,-39.445543159
-73.21162199999998,-39.448932
-73.215541,-39.426674999999896
-73.20884599999991,-39.420312
-73.211991,-39.421233
-73.216826,-39.412567
-72.831259245,-39.616887122
-72.786381938,-39.6127479799999
-72.8612500199999,-39.6283001419999
-72.858325989,-39.630366728
-72.682972873,-39.653437523
-72.744379792,-39.685732843
-72.621558444,-39.66825069
-72.6177358859999,-39.668523023
-72.64638572699991,-39.6745655559999
-72.64526997199991,-39.676868333
-72.805242044,-39.692928767
-72.979054659,-39.800808291
-72.889845415,-39.759989613
-72.9727782799999,-39.7431252379999
-73.02449137799991,-39.726373301
-73.017430092,-39.728022054
-73.02082361399991,-39.7269748649999
-72.83012829399999,-39.615954297
-72.684786296,-39.6540568349999
-72.8097961829999,-39.69043175
-72.61357338100001,-39.6676072389999
-72.80915674499991,-39.6908866699999
-72.79073777100001,-39.43249609
-72.252675277,-40.6608779539999
-72.23556180299991,-40.168526431
-72.236984782,-40.1635521059999
-72.236081914,-40.160630039
-72.244870825,-40.181926849
-72.3279698119999,-40.123622199
-71.970869765,-40.2324173549999
-72.17299898899999,-40.2838433389999
-72.1645338869999,-39.585069927999896
-72.197569127,-39.575386227
-72.185537422,-39.5594561409999
-72.15377112999991,-39.55306115
-73.5023833349999,-39.904783333000005
-73.449746358,-39.857381225
-73.45075059199999,-39.857430682
-73.451921133,-39.868284648
-73.478599717,-39.89114325
-73.4798493549999,-39.887519842
-73.476435732,-39.8832316039999
-73.44994775399991,-39.875961331
-73.502293787,-39.903578387
-73.50828823399999,-39.90496203
-73.473079094,-39.891151766
-73.464922246,-39.9060446839999
-73.463340396,-39.905636326
-73.46596285399991,-39.905544925
-73.43972431600001,-39.8910771119999
-73.431551793,-39.8950571
-73.417697324,-39.8973464279999
-73.41648816,-39.8975371349999
-73.4226129369999,-39.893647498999904
-73.46661011899991,-39.8555062199999
-73.4666043669999,-39.859965818
-73.452372494,-39.856524365
-73.475397385,-39.87942499299989
-73.4563806469999,-39.923319324
-73.454340977,-39.917237871999895
-73.4524226469999,-39.917734819
-73.42427600100001,-39.881632
-73.40486652999991,-39.933117765
-73.395985001,-39.937554999
-73.429622133,-39.928338493000005
-73.46764455499991,-39.9376854939999
-73.538868717,-39.927469546999895
-73.552424354,-39.93169383799989
-73.553836853,-39.931306045
-73.56371697600001,-39.928982923
-73.584251851,-39.933032893
-73.5789269429999,-39.9420852599999
-73.62650298300001,-39.960389281999895
-73.56121833,-39.958263877
-73.5175187729999,-39.951577818
-73.388644216,-40.066733728
-73.465267619,-39.9461137979999
-73.399534321,-39.950008721
-73.380869509,-39.955218096
-73.363180702,-39.930176208
-73.36573984399999,-39.8820936819999
-73.3442507359999,-39.9217359739999
-73.35717850899991,-39.92082978
-73.340712497,-39.9388840199999
-73.3207960349999,-39.86688348
-73.3118222959999,-39.86046469
-73.303296588,-39.860601533
-73.3225083419999,-39.8796203909999
-73.309615031,-39.885136022
-73.258476532,-39.899767321999896
-73.275853695,-39.8934949929999
-73.299926141,-39.914706866
-73.2729713809999,-39.920245501
-73.2639494319999,-39.908696085
-73.218512393,-39.9502055569999
-73.30084338099991,-39.930135084
-73.6741263059999,-39.969079349
-73.637224993,-39.974065982999896
-73.573842542,-39.9654111689999
-73.548806984,-39.97882162
-73.515860633,-39.9741249589999
-73.487114054,-39.9629060669999
-73.459403134,-39.973244052
-73.41960198899991,-39.962041172999896
-73.330268264,-39.9515811699999
-73.289666234,-39.9569802199999
-73.170577809,-39.949332704
-73.30714997300001,-39.9719488759999
-73.339577967,-39.968859412
-73.37361693799991,-39.961900495
-73.6989390649999,-39.9980555389999
-73.67942060600001,-39.987239706
-73.703482494,-40.003719314
-73.67673823,-40.003029593
-73.54372599,-39.98592029
-73.480327432,-39.990737037
-73.399345061,-39.9842231709999
-73.334247359,-39.9815218809999
-73.3086569119999,-39.992511715
-73.271533427,-39.9750628049999
-73.2246029889999,-39.9781190959999
-73.158596148,-39.9910349309999
-73.1777520799999,-39.9938963389999
-73.1556337179999,-39.99405087
-73.41922030099991,-40.008577605
-73.462535304,-40.0038089839999
-73.501655107,-39.9983032659999
-73.17405657099991,-40.015657941
-73.25425282100001,-40.0172455109999
-73.44026537100001,-40.0192324
-73.471321438,-40.019042708
-73.19420765699991,-40.04193766
-73.220209548,-40.1016819709999
-73.16937774,-39.9864219899999
-73.17782499899991,-39.9512539999999
-73.17660799899991,-39.951207
-73.1879333329999,-39.952183334
-73.240422,-39.927361001
-73.313507,-39.949468001
-73.33131094399991,-39.95393519
-73.382909001,-39.9532460029999
-73.396834,-39.9535809999999
-73.3949605179999,-39.945454621
-73.3947699989999,-39.9390099999999
-73.410255999,-39.9221660009999
-73.404578,-39.9089609989999
-73.4654347159999,-39.8521211409999
-73.4628104029999,-39.861816582
-73.464561827,-39.86348851
-73.426821578,-39.873271417999895
-73.42852751,-39.877934383
-73.4284619439999,-39.880293951999896
-73.43672875399992,-39.8818742249999
-73.4405882729999,-39.883403733
-73.442955012,-39.883723838
-73.441890927,-39.883718552999895
-73.4472553049999,-39.886979836
-73.428581111,-39.886854392
-73.498691041,-39.9035678299999
-73.49040426100001,-39.90271245
-73.488197583,-39.903053083
-73.4870517099999,-39.90196602
-73.486781155,-39.902034563
-73.487483568,-39.899349919
-73.4718750649999,-39.89164944
-73.455068618,-39.888498676
-73.467896944,-39.896443995
-73.4665187319999,-39.898452887
-73.466264977,-39.899341459
-73.46074412600001,-39.9008989939999
-73.433999087,-39.8949370199999
-73.4496000619999,-39.895029559
-73.44293887799991,-39.899940495
-73.445827719,-39.9015108469999
-73.42607379,-39.889099755
-73.427855358,-39.890466321
-73.42552272099991,-39.890182406
-73.424197409,-39.8918761809999
-73.4167466769999,-39.895270548
-73.421564196,-39.8990838839999
-73.415721299,-39.9008691249999
-73.41232116899991,-39.9032371169999
-73.42840559699991,-39.919619006999895
-73.429927208,-39.9201081099999
-73.50421526,-39.911503522
-73.430731037,-39.883798159
-73.4316724999999,-39.891537603
-73.43514435,-39.887465418000005
-73.4871689719999,-39.9136267169999
-73.476535144,-39.924037864
-73.49628729199999,-39.907216283
-73.490299114,-39.911393435
-73.207058345,-39.7674674749999
-73.391270445,-39.8545480069999
-73.3913656619999,-39.85542264
-73.36649116099991,-39.863624487
-73.37037139599991,-39.864435912
-73.38837841299991,-39.866576666
-73.3985184479999,-39.815112142
-73.36617357899999,-39.863320556
-73.3347274389999,-39.7568471719999
-73.35805754399999,-39.6603778529999
-71.76480372,-39.660859876
-71.76480372,-39.660859876
-71.76480372,-39.660859876
-72.02065340000001,-39.659603237999896
-72.02065340000001,-39.659603237999896
-72.02065340000001,-39.659603237999896
-72.02065340000001,-39.659603237999896
-72.02065340000001,-39.659603237999896
-72.757142742,-39.8610980289999
-73.200852464,-39.831269705
-71.492288,-39.135526
-71.492288,-39.135526
-71.461724,-39.309918
-71.562285,39.393504
-71.591728,-39.3599
-72.632492,-38.770995
-72.632492,-38.770995
-72.554393,-38.766569
-72.554393,-38.766569
-73.4009,-38.8166
-73.401095,-38.815435
-73.400808,-38.816443
-73.207138,-39.397767
-73.20886,-39.401731
-73.209259,-39.401106
